-296.24, 7.0, -4.0
-297.91, 7.0, -4.0
-299.42, 7.0, -4.0
-300.79, 7.0, -4.0
-302.0, 7.0, -7.0
-302.99, 7.0, -6.0
-303.82, 7.0, -6.0
-304.49, 7.0, -6.0
-305.12, 7.0, -5.0
-305.56, 7.0, -6.0
-305.86, 7.0, -6.0
-306.04, 7.0, -5.0
-306.04, 7.0, -4.0
-306.04, 7.0, -4.0
-306.04, 7.0, -2.0
-305.82, 7.0, -3.0
-305.45, 7.0, -3.0
-304.99, 7.0, -3.0
-304.34, 7.0, -6.0
-303.46, 7.0, -6.0
-302.32, 7.0, -7.0
-301.08, 7.0, -7.0
-299.65, 7.0, -3.0
-298.14, 7.0, -2.0
-296.49, 7.0, -6.0
-294.7, 7.0, -5.0
-292.72, 7.0, -6.0
-290.54, 7.0, -7.0
-288.25, 7.0, -5.0
-285.9, 7.0, 0.0
-283.55, 7.0, 1.0
-281.07, 7.0, -3.0
-278.58, 7.0, -2.0
-275.85, 7.0, -5.0
-272.95, 7.0, -6.0
-269.9, 7.0, -6.0
-266.6, 7.0, -6.0
-263.17, 7.0, -6.0
-259.55, 7.0, -6.0
-255.83, 7.0, -6.0
-252.16, 7.0, 4.0
-248.52, 7.0, 8.0
-244.97, 7.0, 4.0
-241.25, 7.0, 0.0
-237.66, 7.0, 0.0
-233.81, 7.0, -3.0
-229.88, 7.0, -3.0
-225.77, 7.0, -4.0
-221.66, 7.0, -7.0
-217.22, 7.0, -6.0
-212.55, 7.0, -3.0
-208.26, 7.0, 4.0
-204.09, 7.0, 13.0
-199.84, 7.0, 8.0
-195.51, 7.0, 2.0
-191.24, 7.0, -2.0
-186.82, 7.0, -3.0
-182.25, 7.0, -2.0
-177.59, 7.0, -5.0
-172.82, 7.0, -7.0
-168.02, 7.0, -6.0
-163.53, 7.0, 3.0
-159.21, 7.0, 23.0
-154.92, 13.0, 5.0
-150.41, 7.0, 3.0
-145.85, 7.0, 2.0
-141.24, 7.0, -3.0
-136.55, 7.0, -4.0
-131.81, 7.0, -2.0
-126.99, 7.0, -1.0
-122.07, 7.0, -2.0
-117.29, 7.0, -1.0
-112.42, 7.0, 0.0
-107.44, 7.0, 0.0
-102.45, 7.0, 0.0
-97.47, 7.0, 3.0
-92.49, 7.0, 4.0
-87.72, 7.0, 6.0
-82.97, 7.0, 6.0
-78.35, 7.0, 9.0
-73.93, 7.0, 11.0
-69.61, 7.0, 9.0
-65.41, 7.0, 9.0
-61.36, 7.0, 7.0
-57.34, 7.0, 4.0
-53.44, 7.0, 7.0
-49.56, 7.0, 10.0
-45.81, 7.0, 7.0
-42.23, 7.0, 7.0
-38.86, 7.0, 7.0
-35.5, 7.0, 6.0
-32.24, 7.0, 7.0
-29.04, 7.0, 7.0
-26.05, 7.0, 6.0
-23.07, 7.0, 8.0
-20.23, 7.0, 10.0
-17.62, 7.0, 9.0
-15.09, 7.0, 12.0
-12.69, 7.0, 7.0
-10.45, 7.0, 6.0
-8.26, 7.0, 8.0
-6.22, 7.0, 10.0
-4.33, 7.0, 11.0
-2.63, 7.0, 9.0
-1.16, 7.0, 11.0
0.25, 7.0, 12.0
1.38, 6.0, 10.0
2.37, 7.0, 9.0
3.25, 7.0, 7.0
4.06, 6.0, 7.0
4.72, 7.0, 8.0
5.2, 7.0, 8.0
5.65, 7.0, 7.0
5.89, 7.0, 8.0
6.02, 7.0, 7.0
6.06, 7.0, 8.0
6.06, 7.0, 8.0
6.06, 7.0, 9.0
5.67, 7.0, 13.0
5.02, 7.0, 11.0
4.21, 7.0, 11.0
3.26, 7.0, 12.0
2.15, 7.0, 10.0
0.94, 7.0, 9.0
-0.47, 7.0, 10.0
-2.02, 7.0, 9.0
-3.69, 7.0, 10.0
-5.55, 7.0, 12.0
-7.53, 7.0, 11.0
-9.62, 7.0, 9.0
-11.83, 7.0, 8.0
-14.15, 7.0, 9.0
-16.62, 7.0, 8.0
-19.21, 7.0, 8.0
-21.92, 7.0, 9.0
-24.78, 7.0, 9.0
-27.74, 7.0, 8.0
-30.9, 7.0, 10.0
-34.14, 7.0, 10.0
-37.51, 7.0, 10.0
-41.06, 7.0, 9.0
-44.74, 7.0, 7.0
-48.54, 7.0, 8.0
-52.33, 7.0, 8.0
-56.08, 7.0, 4.0
-59.84, 7.0, 0.0
-63.67, 7.0, 1.0
-67.47, 7.0, 4.0
-71.46, 7.0, 5.0
-75.47, 7.0, 7.0
-79.55, 7.0, 8.0
-83.85, 7.0, 8.0
-88.15, 7.0, 8.0
-92.57, 7.0, 10.0
-97.15, 7.0, 7.0
-101.71, 7.0, 6.0
-106.39, 7.0, 7.0
-111.08, 7.0, 8.0
-116.0, 7.0, 8.0
-120.88, 7.0, 5.0
-125.93, 7.0, 4.0
-130.87, 7.0, 4.0
-135.86, 7.0, 4.0
-140.8, 7.0, 3.0
-145.72, 7.0, 4.0
-150.78, 7.0, 3.0
-155.74, 7.0, 1.0
-160.74, 7.0, 1.0
-165.59, 7.0, -1.0
-170.49, 7.0, 1.0
-175.24, 7.0, 0.0
-180.08, 7.0, 2.0
-184.78, 7.0, 0.0
-189.38, 7.0, -6.0
-193.66, 7.0, -6.0
-197.98, 7.0, -5.0
-202.34, 7.0, 4.0
-206.57, 7.0, 3.0
-210.86, 7.0, -5.0
-215.07, 7.0, 1.0
-219.22, 7.0, 4.0
-223.34, 7.0, 1.0
-227.38, 7.0, 3.0
-231.33, 7.0, 4.0
-235.32, 7.0, 3.0
-239.52, 7.0, 2.0
-243.47, 7.0, 2.0
-247.46, 7.0, 0.0
-251.28, 7.0, -2.0
-255.02, 7.0, -3.0
-258.59, 7.0, -2.0
-262.11, 7.0, -3.0
-265.35, 7.0, -4.0
-268.68, 7.0, -3.0
-271.78, 7.0, -4.0
-274.72, 7.0, -5.0
-277.54, 7.0, -2.0
-280.23, 7.0, -3.0
-282.79, 7.0, -4.0
-285.21, 7.0, -3.0
-287.52, 7.0, -3.0
-289.76, 7.0, -4.0
-291.78, 7.0, -4.0
-293.77, 7.0, -4.0
-295.58, 7.0, -5.0
-297.23, 7.0, -5.0
-298.78, 7.0, -4.0
-300.18, 7.0, -5.0
-301.39, 7.0, -5.0
-302.44, 7.0, -4.0
-303.41, 7.0, -4.0
-304.18, 7.0, -4.0
-304.83, 7.0, -4.0
-305.34, 7.0, -5.0
-305.77, 7.0, -4.0
-306.02, 7.0, -4.0
-306.04, 7.0, -4.0
-306.04, 7.0, -4.0
-306.04, 7.0, -4.0
-306.03, 7.0, -4.0
-305.67, 7.0, -4.0
-305.21, 7.0, -4.0
-304.62, 7.0, -4.0
-304.01, 7.0, -3.0
-303.14, 7.0, -6.0
-302.13, 7.0, -6.0
-300.9, 7.0, -7.0
-299.53, 7.0, -7.0
-297.96, 7.0, -6.0
-296.23, 7.0, -6.0
-294.31, 7.0, -6.0
-292.21, 7.0, -6.0
-289.95, 7.0, -6.0
-287.47, 7.0, -5.0
-285.02, 7.0, -3.0
-282.36, 7.0, -4.0
-279.65, 7.0, -4.0
-276.73, 7.0, -3.0
-273.77, 7.0, -3.0
-270.66, 7.0, -3.0
-267.5, 7.0, -3.0
-264.19, 7.0, -3.0
-261.19, 7.0, 5.0
-258.1, 7.0, 10.0
-255.02, 7.0, 5.0
-251.98, 7.0, 0.0
-248.76, 7.0, -1.0
-245.32, 7.0, -3.0
-242.03, 7.0, -5.0
-238.33, 7.0, -6.0
-234.45, 7.0, -7.0
-230.44, 7.0, -6.0
-226.31, 7.0, -5.0
-221.99, 7.0, -6.0
-218.04, 7.0, 8.0
-214.09, 7.0, 18.0
-210.19, 7.0, 7.0
-206.3, 7.0, 3.0
-202.03, 7.0, -6.0
-197.85, 7.0, -7.0
-193.6, 7.0, 1.0
-189.2, 7.0, 0.0
-184.9, 7.0, -4.0
-180.65, 7.0, -5.0
-175.93, 7.0, -7.0
-171.26, 7.0, -5.0
-166.25, 7.0, -1.0
-161.32, 7.0, 0.0
-156.56, 7.0, -1.0
-151.54, 7.0, -1.0
-146.59, 7.0, 1.0
-141.79, 6.0, 5.0
-136.91, 7.0, 4.0
-132.07, 7.0, 2.0
-127.32, 7.0, 4.0
-122.54, 7.0, 5.0
-117.75, 7.0, 4.0
-113.13, 7.0, 4.0
-108.44, 7.0, 6.0
-103.84, 7.0, 5.0
-99.32, 7.0, 4.0
-94.96, 7.0, 3.0
-90.53, 7.0, 6.0
-86.09, 7.0, 5.0
-81.73, 7.0, 3.0
-77.47, 7.0, 4.0
-73.24, 7.0, 7.0
-69.04, 7.0, 5.0
-64.95, 7.0, 7.0
-61.18, 7.0, 6.0
-57.17, 7.0, 5.0
-53.46, 7.0, 6.0
-49.65, 7.0, 6.0
-45.98, 7.0, 6.0
-42.46, 7.0, 8.0
-39.04, 7.0, 10.0
-35.63, 7.0, 7.0
-32.45, 7.0, 8.0
-29.39, 7.0, 8.0
-26.53, 7.0, 6.0
