-72.65, 7.0, 17.0
-80.61, 8.0, 15.0
-88.69, 7.0, 19.0
-96.88, 7.0, 11.0
-105.18, 7.0, 4.0
-113.81, 7.0, 15.0
-122.45, 7.0, 16.0
-131.01, 7.0, 6.0
-139.61, 7.0, 4.0
-148.19, 7.0, 5.0
-156.67, 7.0, -1.0
-165.32, 7.0, -1.0
-174.3, 7.0, 7.0
-183.07, 7.0, 9.0
-192.01, 7.0, -2.0
-200.67, 7.0, -4.0
-208.99, 7.0, -4.0
-217.41, 7.0, -7.0
-225.53, 8.0, -6.0
-233.63, 7.0, -7.0
-241.29, 7.0, -7.0
-248.6, 7.0, -9.0
-255.51, 7.0, -8.0
-262.05, 7.0, -9.0
-268.22, 7.0, -11.0
-273.88, 7.0, -13.0
-279.07, 7.0, -14.0
-283.94, 7.0, -13.0
-288.28, 7.0, -12.0
-292.22, 7.0, -15.0
-295.76, 7.0, -11.0
-298.85, 7.0, -9.0
-301.56, 7.0, -16.0
-303.81, 7.0, -13.0
-305.52, 7.0, -11.0
-306.9, 7.0, -16.0
-307.8, 7.0, -15.0
-308.36, 7.0, -11.0
-308.58, 7.0, -12.0
-308.58, 7.0, -14.0
-307.88, 7.0, -18.0
-306.74, 7.0, -14.0
-305.09, 7.0, -14.0
-303.06, 7.0, -15.0
-300.59, 7.0, -14.0
-297.65, 7.0, -16.0
-294.35, 7.0, -13.0
-290.2, 7.0, -27.0
-285.6, 7.0, -27.0
-280.29, 7.0, -18.0
-274.57, 7.0, -19.0
-268.36, 7.0, -17.0
-261.92, 7.0, -12.0
-254.94, 7.0, -8.0
-247.76, 7.0, -8.0
-240.24, 7.0, -6.0
-232.64, 7.0, -5.0
-224.73, 7.0, -5.0
-216.87, 7.0, -6.0
-208.9, 7.0, -3.0
-200.16, 7.0, -13.0
-191.09, 7.0, -25.0
-181.65, 7.0, -18.0
-171.91, 7.0, -9.0
-162.11, 7.0, -6.0
-152.31, 7.0, -4.0
-142.61, 7.0, 1.0
-132.91, 7.0, 9.0
-123.33, 7.0, 14.0
-114.23, 7.0, 15.0
-104.97, 7.0, 14.0
-96.1, 7.0, 11.0
-87.54, 7.0, 15.0
-79.15, 40.0, -10.0
-70.7, 7.0, 30.0
-62.71, 13.0, 16.0
-55.37, 9.0, 20.0
-48.41, 7.0, 44.0
-41.81, 7.0, 32.0
-35.84, 7.0, 19.0
-30.2, 7.0, 20.0
-24.85, 7.0, 16.0
-19.66, 7.0, 9.0
-14.78, 7.0, 9.0
-10.16, 7.0, 23.0
-5.8, 7.0, 16.0
-2.06, 7.0, 34.0
0.96, 7.0, 40.0
3.22, 7.0, 37.0
4.99, 7.0, 30.0
6.24, 7.0, 25.0
7.11, 7.0, 20.0
7.64, 7.0, 24.0
7.73, 7.0, 26.0
7.68, 7.0, 25.0
6.6, 7.0, 33.0
5.19, 7.0, 30.0
3.06, 7.0, 30.0
0.36, 7.0, 28.0
-2.8, 7.0, 26.0
-6.46, 7.0, 28.0
-10.4, 7.0, 26.0
-14.88, 7.0, 26.0
-19.76, 7.0, 25.0
-25.03, 7.0, 26.0
-31.02, 7.0, 28.0
-37.35, 7.0, 29.0
-44.27, 7.0, 26.0
-51.57, 7.0, 26.0
-59.17, 7.0, 25.0
-67.36, 7.0, 22.0
-75.95, 7.0, 26.0
-84.98, 7.0, 29.0
-94.21, 7.0, 21.0
-103.83, 7.0, 17.0
-113.44, 7.0, 16.0
-123.44, 7.0, 14.0
-133.28, 7.0, 10.0
-143.27, 7.0, 8.0
-153.14, 7.0, 4.0
-163.07, 7.0, 0.0
-172.92, 7.0, -5.0
-182.81, 7.0, -3.0
-192.17, 7.0, -7.0
-201.45, 7.0, -8.0
-210.75, 7.0, -8.0
-219.58, 7.0, -7.0
-228.11, 7.0, -5.0
-236.58, 7.0, 0.0
-244.92, 7.0, -1.0
-253.02, 7.0, -7.0
-260.95, 7.0, -7.0
-268.19, 7.0, -9.0
-275.08, 7.0, -12.0
-281.45, 7.0, -17.0
-287.12, 7.0, -22.0
-292.58, 7.0, -10.0
-297.09, 7.0, -24.0
-300.63, 7.0, -32.0
-303.71, 7.0, -28.0
-305.89, 7.0, -32.0
-307.43, 7.0, -30.0
-308.44, 7.0, -20.0
-308.94, 7.0, -22.0
-308.94, 7.0, -26.0
-308.36, 7.0, -26.0
-306.91, 7.0, -24.0
-304.89, 7.0, -20.0
-302.41, 7.0, -20.0
-299.29, 7.0, -20.0
-295.84, 7.0, -19.0
-291.42, 7.0, -32.0
-286.39, 7.0, -37.0
-280.48, 7.0, -24.0
-274.27, 7.0, -21.0
-267.37, 7.0, -23.0
-260.04, 7.0, -17.0
-252.36, 7.0, -13.0
-244.05, 7.0, -11.0
-235.58, 7.0, -8.0
-226.73, 7.0, -6.0
-217.76, 7.0, -7.0
-208.6, 7.0, -6.0
-199.11, 7.0, -5.0
-189.69, 7.0, -5.0
-180.44, 7.0, -6.0
-170.7, 7.0, -6.0
-161.09, 7.0, -5.0
-151.33, 7.0, -4.0
-141.51, 7.0, -4.0
-131.72, 7.0, -2.0
-121.83, 7.0, 2.0
-112.19, 7.0, 6.0
-102.3, 7.0, 7.0
-92.77, 7.0, 8.0
-83.24, 7.0, 12.0
-74.07, 7.0, 14.0
-65.17, 7.0, 16.0
-56.53, 7.0, 19.0
-48.63, 7.0, 25.0
-40.75, 7.0, 23.0
-33.5, 7.0, 23.0
-27.17, 7.0, 33.0
-21.15, 7.0, 37.0
-15.78, 7.0, 29.0
-11.0, 7.0, 27.0
-6.9, 7.0, 34.0
-3.09, 7.0, 29.0
-0.03, 7.0, 28.0
2.61, 7.0, 28.0
4.61, 7.0, 31.0
6.05, 7.0, 29.0
7.05, 7.0, 26.0
7.54, 281.0, -94.0
8.11, 8.0, 69.0
8.79, 7.0, 62.0
7.81, 93.0, -9.0
5.82, 8.0, 74.0
3.92, 7.0, 42.0
0.69, 7.0, 25.0
-3.12, 7.0, 35.0
-7.27, 7.0, 29.0
-12.01, 7.0, 21.0
-17.19, 7.0, 23.0
-22.75, 7.0, 27.0
-28.53, 7.0, 27.0
-34.55, 7.0, 26.0
-41.41, 7.0, 26.0
-48.55, 7.0, 23.0
-56.28, 78.0, 8.0
-64.17, 8.0, 23.0
-72.35, 7.0, 49.0
-80.73, 23.0, 6.0
-89.74, 7.0, 26.0
-98.74, 7.0, 34.0
-108.06, 7.0, 18.0
-117.81, 7.0, 9.0
-127.87, 7.0, 17.0
-137.87, 7.0, 15.0
-147.87, 7.0, 8.0
-158.15, 7.0, 4.0
-168.84, 7.0, 4.0
-178.99, 19.0, -2.0
-188.86, 7.0, 1.0
-198.56, 7.0, -6.0
-208.5, 7.0, -9.0
-218.45, 7.0, 1.0
-228.3, 7.0, 0.0
-237.65, 7.0, -6.0
-246.53, 7.0, -19.0
-254.25, 7.0, -25.0
-261.68, 7.0, -17.0
-268.26, 7.0, -29.0
-274.54, 7.0, -15.0
-280.45, 7.0, -12.0
-285.73, 7.0, -14.0
-290.42, 7.0, -25.0
-294.63, 7.0, -17.0
-298.14, 7.0, -18.0
-301.25, 7.0, -19.0
-303.9, 7.0, -10.0
-306.1, 7.0, -17.0
-307.67, 7.0, -28.0
-308.66, 7.0, -21.0
-309.02, 7.0, -23.0
-309.0, 7.0, -27.0
-307.92, 7.0, -29.0
-306.55, 7.0, -11.0
-304.43, 7.0, -23.0
-301.77, 7.0, -32.0
-298.54, 7.0, -20.0
-294.55, 7.0, -20.0
-290.32, 7.0, -22.0
-285.36, 7.0, -20.0
-279.87, 7.0, -19.0
-273.81, 7.0, -20.0
-267.4, 7.0, -18.0
-260.56, 7.0, -17.0
-253.18, 7.0, -17.0
-245.18, 7.0, -15.0
-236.94, 7.0, -12.0
-228.12, 7.0, -10.0
-219.26, 7.0, -8.0
-210.08, 7.0, -5.0
-200.57, 7.0, -7.0
-191.08, 7.0, -7.0
-181.46, 7.0, -6.0
-171.6, 7.0, -6.0
-161.57, 7.0, -5.0
-151.65, 7.0, -4.0
-141.59, 7.0, -3.0
-131.75, 7.0, 0.0
-121.67, 8.0, 3.0
-111.67, 7.0, 7.0
-101.9, 7.0, 9.0
-92.13, 7.0, 9.0
-82.67, 7.0, 12.0
-73.35, 7.0, 16.0
-64.28, 7.0, 18.0
-55.69, 7.0, 20.0
-47.39, 7.0, 22.0
-39.78, 7.0, 26.0
-32.83, 7.0, 34.0
-26.28, 7.0, 28.0
-20.33, 7.0, 29.0
-15.16, 7.0, 36.0
-10.3, 7.0, 30.0
-6.08, 7.0, 26.0
-2.34, 7.0, 27.0
0.73, 7.0, 35.0
3.28, 7.0, 31.0
5.1, 7.0, 34.0
6.38, 29.0, -36.0
8.22, 7.0, 82.0
9.22, 7.0, 36.0
9.08, 20.0, 7.0
8.33, 7.0, 82.0
7.15, 7.0, 33.0
4.74, 7.0, 23.0
1.97, 7.0, 33.0
