-151.61, 8.0, 0.0
-151.52, 8.0, 0.0
-151.44, 8.0, 0.0
-151.42, 9.0, 0.0
-151.26, 9.0, 0.0
-151.26, 8.0, 0.0
-151.17, 9.0, 0.0
-151.08, 9.0, 0.0
-151.0, 9.0, 0.0
-150.91, 9.0, 0.0
-150.84, 9.0, 0.0
-150.73, 9.0, 0.0
-150.64, 9.0, 0.0
-150.64, 9.0, -1.0
-150.56, 8.0, -1.0
-150.47, 8.0, 0.0
-150.38, 9.0, 0.0
-150.29, 9.0, 0.0
-150.12, 9.0, 0.0
-150.12, 9.0, 0.0
-150.03, 9.0, 0.0
-149.94, 9.0, 0.0
-149.94, 9.0, 0.0
-149.85, 8.0, 0.0
-149.76, 9.0, 0.0
0.0, 0.0, 0.0
0.0, 0.0, 0.0
0.0, 0.0, 0.0
0.0, 0.0, 0.0
0.0, 0.0, 0.0
0.0, 0.0, 0.0
0.0, 0.0, 0.0
0.0, 0.0, 0.0
0.0, 0.0, 0.0
0.0, 0.0, 0.0
0.0, 0.0, 0.0
0.0, 0.0, 0.0
0.0, 0.0, 0.0
0.0, 0.0, 0.0
0.0, 0.0, 0.0
0.0, 0.0, 0.0
0.0, 0.0, 0.0
0.0, 0.0, 0.0
0.0, 0.0, 0.0
0.0, 0.0, 0.0
0.0, 0.0, 0.0
0.0, 0.0, 0.0
0.0, 0.0, 0.0
0.0, 0.0, 0.0
0.0, 0.0, 0.0
0.0, 0.0, 0.0
0.0, 0.0, 0.0
0.0, 0.0, 0.0
0.0, 0.0, 0.0
0.0, 0.0, 0.0
0.0, 0.0, 0.0
0.0, 0.0, 0.0
0.0, 0.0, 0.0
0.0, 0.0, 0.0
0.0, 0.0, 0.0
0.0, 0.0, 0.0
0.0, 0.0, 0.0
0.0, 0.0, 0.0
0.0, 0.0, 0.0
0.0, 0.0, 0.0
0.0, 0.0, 0.0
0.0, 0.0, 0.0
0.0, 0.0, 0.0
0.0, 0.0, 0.0
0.0, 0.0, 0.0
0.0, 0.0, 0.0
0.0, 0.0, 0.0
0.0, 0.0, 0.0
0.0, 0.0, 0.0
0.0, 0.0, 0.0
0.0, 0.0, 0.0
0.0, 0.0, 0.0
0.0, 0.0, 0.0
0.0, 0.0, 0.0
0.0, 0.0, 0.0
0.0, 0.0, 0.0
0.0, 0.0, 0.0
0.0, 0.0, 0.0
0.0, 0.0, 0.0
0.0, 0.0, 0.0
0.0, 0.0, 0.0
0.0, 0.0, 0.0
0.0, 0.0, 0.0
0.0, 0.0, 0.0
0.0, 0.0, 0.0
0.0, 0.0, 0.0
0.0, 0.0, 0.0
0.0, 0.0, 0.0
0.0, 0.0, 0.0
0.0, 0.0, 0.0
0.0, 0.0, 0.0
0.0, 0.0, 0.0
0.0, 0.0, 0.0
0.0, 0.0, 0.0
0.0, 0.0, 0.0
0.0, 0.0, 0.0
0.0, 0.0, 0.0
0.0, 0.0, 0.0
0.0, 0.0, 0.0
0.0, 0.0, 0.0
0.0, 0.0, 0.0
0.0, 0.0, 0.0
0.0, 0.0, 0.0
0.0, 0.0, 0.0
0.0, 0.0, 0.0
0.0, 0.0, 0.0
0.0, 0.0, 0.0
0.0, 0.0, 0.0
0.0, 0.0, 0.0
0.0, 0.0, 0.0
0.0, 0.0, 0.0
0.0, 0.0, 0.0
0.0, 0.0, 0.0
0.0, 0.0, 0.0
0.0, 0.0, 0.0
0.0, 0.0, 0.0
0.0, 0.0, 0.0
0.0, 0.0, 0.0
0.0, 0.0, 0.0
0.0, 0.0, 0.0
0.0, 0.0, 0.0
0.0, 0.0, 0.0
0.0, 0.0, 0.0
0.0, 0.0, 0.0
0.0, 0.0, 0.0
0.0, 0.0, 0.0
0.0, 0.0, 0.0
0.0, 0.0, 0.0
0.0, 0.0, 0.0
0.0, 0.0, 0.0
0.0, 0.0, 0.0
0.0, 0.0, 0.0
0.0, 0.0, 0.0
0.0, 0.0, 0.0
0.0, 0.0, 0.0
0.0, 0.0, 0.0
0.0, 0.0, 0.0
0.0, 0.0, 0.0
0.0, 0.0, 0.0
0.0, 0.0, 0.0
0.0, 0.0, 0.0
0.0, 0.0, 0.0
0.0, 0.0, 0.0
0.0, 0.0, 0.0
0.0, 0.0, 0.0
0.0, 0.0, 0.0
0.0, 0.0, 0.0
0.0, 0.0, 0.0
0.0, 0.0, 0.0
0.0, 0.0, 0.0
0.0, 0.0, 0.0
0.0, 0.0, 0.0
0.0, 0.0, 0.0
0.0, 0.0, 0.0
0.0, 0.0, 0.0
0.0, 0.0, 0.0
0.0, 0.0, 0.0
0.0, 0.0, 0.0
0.0, 0.0, 0.0
0.0, 0.0, 0.0
0.0, 0.0, 0.0
0.0, 0.0, 0.0
0.0, 0.0, 0.0
0.0, 0.0, 0.0
0.0, 0.0, 0.0
0.0, 0.0, 0.0
0.0, 0.0, 0.0
0.0, 0.0, 0.0
0.0, 0.0, 0.0
0.0, 0.0, 0.0
0.0, 0.0, 0.0
0.0, 0.0, 0.0
0.0, 0.0, 0.0
0.0, 0.0, 0.0
0.0, 0.0, 0.0
0.0, 0.0, 0.0
0.0, 0.0, 0.0
0.0, 0.0, 0.0
0.0, 0.0, 0.0
0.0, 0.0, 0.0
0.0, 0.0, 0.0
0.0, 0.0, 0.0
0.0, 0.0, 0.0
0.0, 0.0, 0.0
0.0, 0.0, 0.0
0.0, 0.0, 0.0
0.0, 0.0, 0.0
0.0, 0.0, 0.0
0.0, 0.0, 0.0
0.0, 0.0, 0.0
0.0, 0.0, 0.0
0.0, 0.0, 0.0
0.0, 0.0, 0.0
0.0, 0.0, 0.0
0.0, 0.0, 0.0
0.0, 0.0, 0.0
0.0, 0.0, 0.0
0.0, 0.0, 0.0
0.0, 0.0, 0.0
0.0, 0.0, 0.0
0.0, 0.0, 0.0
0.0, 0.0, 0.0
0.0, 0.0, 0.0
0.0, 0.0, 0.0
0.0, 0.0, 0.0
0.0, 0.0, 0.0
0.0, 0.0, 0.0
0.0, 0.0, 0.0
0.0, 0.0, 0.0
0.0, 0.0, 0.0
0.0, 0.0, 0.0
0.0, 0.0, 0.0
0.0, 0.0, 0.0
0.0, 0.0, 0.0
0.0, 0.0, 0.0
0.0, 0.0, 0.0
0.0, 0.0, 0.0
0.0, 0.0, 0.0
0.0, 0.0, 0.0
0.0, 0.0, 0.0
0.0, 0.0, 0.0
0.0, 0.0, 0.0
0.0, 0.0, 0.0
0.0, 0.0, 0.0
0.0, 0.0, 0.0
0.0, 0.0, 0.0
0.0, 0.0, 0.0
0.0, 0.0, 0.0
0.0, 0.0, 0.0
0.0, 0.0, 0.0
0.0, 0.0, 0.0
0.0, 0.0, 0.0
0.0, 0.0, 0.0
0.0, 0.0, 0.0
0.0, 0.0, 0.0
0.0, 0.0, 0.0
0.0, 0.0, 0.0
0.0, 0.0, 0.0
0.0, 0.0, 0.0
0.0, 0.0, 0.0
0.0, 0.0, 0.0
0.0, 0.0, 0.0
0.0, 0.0, 0.0
0.0, 0.0, 0.0
0.0, 0.0, 0.0
0.0, 0.0, 0.0
0.0, 0.0, 0.0
0.0, 0.0, 0.0
0.0, 0.0, 0.0
0.0, 0.0, 0.0
0.0, 0.0, 0.0
0.0, 0.0, 0.0
0.0, 0.0, 0.0
0.0, 0.0, 0.0
0.0, 0.0, 0.0
0.0, 0.0, 0.0
0.0, 0.0, 0.0
0.0, 0.0, 0.0
0.0, 0.0, 0.0
0.0, 0.0, 0.0
0.0, 0.0, 0.0
0.0, 0.0, 0.0
0.0, 0.0, 0.0
0.0, 0.0, 0.0
0.0, 0.0, 0.0
0.0, 0.0, 0.0
0.0, 0.0, 0.0
0.0, 0.0, 0.0
0.0, 0.0, 0.0
0.0, 0.0, 0.0
0.0, 0.0, 0.0
0.0, 0.0, 0.0
0.0, 0.0, 0.0
0.0, 0.0, 0.0
0.0, 0.0, 0.0
0.0, 0.0, 0.0
0.0, 0.0, 0.0
0.0, 0.0, 0.0
0.0, 0.0, 0.0
0.0, 0.0, 0.0
0.0, 0.0, 0.0
0.0, 0.0, 0.0
0.0, 0.0, 0.0
0.0, 0.0, 0.0
0.0, 0.0, 0.0
0.0, 0.0, 0.0
0.0, 0.0, 0.0
0.0, 0.0, 0.0
0.0, 0.0, 0.0
0.0, 0.0, 0.0
0.0, 0.0, 0.0
0.0, 0.0, 0.0
0.0, 0.0, 0.0
0.0, 0.0, 0.0
0.0, 0.0, 0.0
