-259.45, 9.0, 0.0
-259.45, 9.0, 0.0
-259.43, 9.0, 0.0
-259.37, 9.0, 0.0
-259.28, 9.0, 0.0
-259.19, 9.0, 0.0
-259.19, 9.0, 0.0
-259.15, 9.0, 0.0
-259.1, 9.0, 0.0
-259.01, 8.0, 0.0
-259.01, 9.0, 0.0
-258.93, 9.0, 0.0
-258.93, 9.0, 0.0
-258.84, 9.0, 0.0
-258.84, 9.0, 0.0
-258.75, 9.0, 0.0
-258.66, 9.0, 0.0
-258.57, 9.0, 0.0
-258.57, 9.0, 0.0
-258.49, 8.0, 0.0
-258.49, 9.0, 0.0
-258.49, 9.0, 0.0
-258.4, 8.0, 0.0
-258.31, 9.0, 0.0
-258.31, 9.0, 0.0
-258.27, 9.0, 0.0
-258.22, 9.0, 0.0
-258.22, 9.0, 0.0
-258.13, 9.0, 0.0
-258.05, 9.0, 0.0
-258.05, 9.0, 0.0
-258.05, 9.0, 0.0
-257.98, 9.0, 0.0
-257.96, 9.0, 0.0
-257.87, 9.0, 0.0
-257.87, 9.0, 0.0
-257.83, 9.0, 0.0
-257.77, 9.0, 0.0
-257.7, 9.0, 0.0
-257.61, 9.0, 0.0
-257.61, 9.0, 0.0
-257.52, 9.0, 0.0
-257.52, 8.0, 0.0
-257.43, 9.0, 0.0
-257.43, 9.0, 0.0
-257.34, 9.0, 0.0
-257.34, 8.0, 0.0
-257.26, 9.0, 0.0
-257.17, 9.0, 0.0
-257.17, 9.0, 0.0
-257.08, 9.0, 0.0
-256.99, 9.0, 0.0
-256.99, 9.0, 0.0
-256.9, 8.0, 0.0
-256.82, 9.0, 0.0
-256.82, 9.0, 0.0
-256.7, 9.0, 0.0
-256.64, 9.0, 0.0
-256.57, 9.0, 0.0
-256.53, 9.0, 0.0
-256.46, 9.0, 0.0
-256.38, 9.0, 0.0
-256.29, 9.0, 0.0
-256.29, 9.0, 0.0
-256.2, 9.0, 0.0
-256.11, 9.0, 0.0
-256.02, 9.0, 0.0
-255.94, 9.0, 0.0
-255.85, 9.0, 0.0
-255.76, 8.0, 0.0
-255.67, 8.0, 0.0
-255.59, 9.0, 0.0
-255.51, 9.0, 0.0
-255.5, 9.0, 0.0
-255.41, 9.0, 0.0
-255.32, 9.0, 0.0
-255.23, 9.0, 0.0
-255.12, 8.0, 0.0
-255.06, 9.0, 0.0
-254.97, 9.0, 0.0
-254.88, 9.0, 0.0
-254.79, 9.0, 0.0
-254.79, 9.0, 0.0
-254.71, 9.0, 0.0
-254.62, 9.0, 0.0
-254.6, 9.0, 0.0
-254.44, 9.0, 0.0
-254.36, 9.0, 0.0
-254.27, 9.0, 0.0
-254.19, 9.0, 0.0
-254.09, 9.0, 0.0
-254.0, 9.0, 0.0
-253.92, 9.0, 0.0
-253.9, 9.0, 0.0
-253.74, 9.0, 0.0
-253.65, 9.0, 0.0
-253.65, 9.0, 0.0
-253.56, 8.0, 0.0
-253.39, 8.0, 0.0
-253.31, 8.0, 0.0
-253.21, 9.0, 0.0
-253.13, 9.0, 0.0
-253.04, 9.0, 0.0
-252.95, 9.0, 0.0
-252.86, 8.0, 0.0
-252.77, 9.0, 0.0
-252.69, 9.0, 0.0
-252.55, 9.0, 0.0
-252.51, 9.0, 0.0
-252.33, 9.0, 0.0
-252.25, 9.0, 0.0
-252.16, 9.0, -1.0
-252.07, 9.0, 0.0
-252.0, 9.0, 0.0
-251.89, 9.0, 0.0
-251.87, 9.0, 0.0
-251.74, 9.0, 0.0
-251.71, 9.0, 0.0
-251.6, 9.0, 0.0
-251.51, 9.0, 0.0
-251.39, 9.0, 0.0
-251.3, 9.0, 0.0
-251.19, 9.0, 0.0
-251.17, 9.0, 0.0
-251.03, 9.0, 0.0
-250.93, 9.0, 0.0
-250.88, 9.0, 0.0
-250.84, 9.0, 0.0
-250.75, 9.0, 0.0
-250.66, 9.0, 0.0
-250.58, 9.0, 0.0
-250.49, 8.0, 0.0
-250.4, 9.0, 0.0
-250.31, 9.0, 0.0
-250.22, 8.0, 0.0
-250.14, 9.0, 0.0
-250.1, 8.0, 0.0
-250.05, 9.0, 0.0
-249.96, 9.0, 0.0
-249.93, 9.0, 0.0
-249.87, 9.0, 0.0
-249.75, 9.0, 0.0
-249.7, 9.0, 0.0
-249.6, 9.0, 0.0
-249.52, 9.0, 0.0
-249.43, 9.0, 0.0
-249.37, 9.0, 0.0
-249.35, 9.0, 0.0
-249.26, 8.0, 0.0
-249.17, 9.0, 0.0
-249.12, 9.0, 0.0
-249.08, 9.0, 0.0
-248.99, 9.0, 0.0
-248.91, 9.0, 0.0
-248.82, 9.0, 0.0
-248.73, 9.0, 0.0
-248.73, 8.0, 0.0
-248.64, 9.0, 0.0
-248.57, 9.0, 0.0
-248.47, 9.0, 0.0
-248.47, 9.0, 0.0
-248.37, 9.0, 0.0
-248.29, 9.0, 0.0
-248.2, 9.0, 0.0
-248.2, 9.0, 0.0
-248.06, 9.0, 0.0
-248.03, 9.0, 0.0
-247.98, 9.0, 0.0
-247.86, 9.0, 0.0
-247.76, 9.0, 0.0
-247.74, 9.0, 0.0
-247.65, 8.0, 0.0
-247.58, 9.0, 0.0
-247.5, 9.0, 0.0
-247.41, 9.0, 0.0
-247.32, 9.0, 0.0
-247.24, 9.0, 0.0
-247.15, 9.0, 0.0
-247.15, 8.0, 0.0
-247.06, 9.0, 0.0
-246.97, 9.0, 0.0
-246.88, 9.0, 0.0
-246.8, 9.0, 0.0
-246.71, 9.0, 0.0
-246.62, 9.0, 0.0
-246.62, 9.0, 0.0
-246.53, 9.0, 0.0
-246.45, 9.0, 0.0
-246.36, 8.0, 0.0
-246.36, 9.0, 0.0
-246.27, 9.0, 0.0
-246.18, 9.0, 0.0
-246.11, 9.0, 0.0
-246.01, 8.0, 0.0
-245.99, 9.0, 0.0
-245.92, 9.0, 0.0
-245.81, 9.0, 0.0
-245.74, 9.0, 0.0
-245.65, 9.0, 0.0
-245.65, 9.0, 0.0
-245.57, 9.0, 0.0
-245.5, 9.0, 0.0
-245.48, 9.0, 0.0
-245.39, 8.0, 0.0
-245.3, 9.0, 0.0
-245.3, 9.0, 0.0
-245.21, 9.0, 0.0
-245.15, 9.0, 0.0
-245.09, 9.0, 0.0
-244.98, 9.0, 0.0
-244.95, 9.0, 0.0
-244.87, 9.0, 0.0
-244.81, 9.0, 0.0
-244.74, 9.0, 0.0
-244.69, 9.0, 0.0
-244.56, 9.0, 0.0
-244.51, 9.0, 0.0
-244.51, 9.0, 0.0
-244.42, 9.0, 0.0
-244.34, 9.0, 0.0
-244.25, 9.0, 0.0
-244.18, 9.0, 0.0
-244.15, 9.0, 0.0
-244.05, 9.0, 0.0
-243.98, 9.0, 0.0
-243.91, 9.0, 0.0
-243.81, 9.0, 0.0
-243.74, 9.0, 0.0
-243.72, 9.0, 0.0
-243.63, 9.0, 0.0
-243.55, 8.0, 0.0
-243.46, 9.0, 0.0
-243.46, 9.0, 0.0
-243.37, 9.0, 0.0
-243.28, 9.0, 0.0
-243.19, 9.0, 0.0
-243.19, 9.0, 0.0
-243.11, 9.0, 0.0
-243.02, 9.0, 0.0
-242.93, 8.0, 0.0
-242.93, 9.0, 0.0
-242.84, 9.0, 0.0
-242.84, 9.0, 0.0
-242.81, 9.0, 0.0
-242.75, 9.0, 0.0
-242.67, 9.0, 0.0
-242.63, 9.0, 0.0
-242.49, 9.0, 0.0
-242.49, 9.0, 0.0
-242.49, 9.0, 0.0
-242.4, 9.0, 0.0
-242.4, 9.0, 0.0
-242.31, 8.0, 0.0
-242.23, 9.0, 0.0
-242.23, 9.0, 0.0
-242.14, 9.0, 0.0
-242.14, 9.0, 0.0
-242.05, 9.0, 0.0
-242.05, 9.0, 0.0
-241.96, 8.0, 0.0
-241.95, 9.0, 0.0
-241.88, 9.0, 0.0
-241.7, 9.0, 0.0
-241.7, 9.0, 0.0
-241.7, 9.0, 0.0
-241.61, 9.0, 0.0
-241.57, 9.0, 0.0
-241.52, 9.0, 0.0
-241.44, 9.0, 0.0
-241.44, 9.0, 0.0
-241.44, 9.0, 0.0
-241.35, 9.0, 0.0
-241.26, 9.0, 0.0
-241.21, 9.0, 0.0
-241.17, 9.0, 0.0
-241.08, 9.0, 0.0
-241.08, 9.0, 0.0
-241.08, 9.0, 0.0
-241.0, 9.0, 0.0
-241.0, 9.0, 0.0
-240.91, 9.0, 0.0
-240.82, 9.0, 0.0
-240.82, 9.0, 0.0
-240.82, 8.0, 0.0
-240.73, 9.0, -1.0
-240.7, 9.0, 0.0
-240.64, 9.0, 0.0
-240.56, 9.0, 0.0
-240.56, 9.0, 0.0
-240.56, 9.0, 0.0
-240.47, 9.0, 0.0
-240.47, 9.0, 0.0
-240.38, 9.0, 0.0
-240.29, 9.0, 0.0
-240.29, 9.0, 0.0
-240.21, 8.0, 0.0
-240.21, 9.0, 0.0
-240.16, 9.0, 0.0
-240.12, 8.0, 0.0
-240.03, 9.0, 0.0
