-0.05, 7.0, 8.0
-1.42, 7.0, 8.0
-2.93, 7.0, 8.0
-4.5, 7.0, 8.0
-6.2, 7.0, 8.0
-8.06, 7.0, 8.0
-10.04, 7.0, 7.0
-12.09, 7.0, 8.0
-14.32, 7.0, 8.0
-16.65, 7.0, 8.0
-19.07, 7.0, 8.0
-21.6, 7.0, 8.0
-24.32, 7.0, 7.0
-27.07, 7.0, 6.0
-29.83, 7.0, 7.0
-32.75, 7.0, 7.0
-35.7, 7.0, 6.0
-38.86, 7.0, 6.0
-41.96, 7.0, 6.0
-45.28, 7.0, 6.0
-48.63, 7.0, 6.0
-51.93, 7.0, 6.0
-55.42, 7.0, 8.0
-59.08, 7.0, 6.0
-62.72, 7.0, 6.0
-66.51, 7.0, 6.0
-70.37, 7.0, 5.0
-74.3, 7.0, 6.0
-78.16, 7.0, 6.0
-82.21, 7.0, 6.0
-86.2, 7.0, 6.0
-90.33, 7.0, 4.0
-94.4, 7.0, 5.0
-98.43, 7.0, 5.0
-102.68, 7.0, 5.0
-107.01, 7.0, 6.0
-111.25, 7.0, 5.0
-115.58, 7.0, 4.0
-119.91, 7.0, 6.0
-124.23, 7.0, 6.0
-128.72, 7.0, 3.0
-133.18, 7.0, 3.0
-137.61, 7.0, 4.0
-142.04, 7.0, 3.0
-146.55, 7.0, 2.0
-151.1, 7.0, 4.0
-155.4, 7.0, 1.0
-159.93, 7.0, 3.0
-164.41, 7.0, 3.0
-168.83, 7.0, 2.0
-173.17, 7.0, 2.0
-177.54, 7.0, 1.0
-182.05, 7.0, 2.0
-186.34, 7.0, -1.0
-190.74, 7.0, 0.0
-195.04, 7.0, 0.0
-199.35, 7.0, -2.0
-203.47, 7.0, -1.0
-207.63, 7.0, 1.0
-211.73, 7.0, -1.0
-215.72, 7.0, -1.0
-219.7, 7.0, 4.0
-223.66, 7.0, 0.0
-227.54, 7.0, -1.0
-231.38, 7.0, 0.0
-235.13, 7.0, -1.0
-238.81, 7.0, -2.0
-242.35, 7.0, -2.0
-245.8, 7.0, 0.0
-249.26, 7.0, -1.0
-252.65, 7.0, -2.0
-255.82, 7.0, -1.0
-259.11, 7.0, 0.0
-262.21, 7.0, -3.0
-265.28, 7.0, -1.0
-268.24, 7.0, -1.0
-271.23, 7.0, -2.0
-273.97, 7.0, -3.0
-276.62, 7.0, -4.0
-279.06, 7.0, -2.0
-281.45, 7.0, -3.0
-283.74, 7.0, -4.0
-285.92, 7.0, -3.0
-287.96, 7.0, -4.0
-289.95, 7.0, -3.0
-291.76, 7.0, -3.0
-293.58, 7.0, -2.0
-295.23, 7.0, -3.0
-296.71, 7.0, -4.0
-298.12, 7.0, -4.0
-299.43, 7.0, -4.0
-300.57, 7.0, -4.0
-301.62, 7.0, -4.0
-302.59, 7.0, -4.0
-303.34, 7.0, -4.0
-304.04, 7.0, -4.0
-304.61, 7.0, -4.0
-304.98, 7.0, -4.0
-305.31, 7.0, -4.0
-305.56, 7.0, -4.0
-305.6, 7.0, -4.0
-305.6, 7.0, -4.0
-305.6, 7.0, -4.0
-305.6, 7.0, -3.0
-305.42, 7.0, -3.0
-305.03, 7.0, -2.0
-304.59, 7.0, -4.0
-303.91, 7.0, -4.0
-303.18, 7.0, -5.0
-302.33, 6.0, -4.0
-301.26, 7.0, -6.0
-300.05, 7.0, -6.0
-298.59, 7.0, -5.0
-296.96, 7.0, -5.0
-295.22, 7.0, -6.0
-293.38, 7.0, -4.0
-291.38, 7.0, -5.0
-289.24, 7.0, -4.0
-287.0, 7.0, -3.0
-284.71, 7.0, -3.0
-282.28, 7.0, -3.0
-279.8, 7.0, -2.0
-277.18, 7.0, -3.0
-274.5, 7.0, -3.0
-271.71, 7.0, -2.0
-268.75, 7.0, -3.0
-265.8, 7.0, -3.0
-262.75, 7.0, -3.0
-259.62, 7.0, -3.0
-256.32, 7.0, -3.0
-253.06, 7.0, -2.0
-249.63, 7.0, -3.0
-245.99, 7.0, -3.0
-242.48, 7.0, -1.0
-238.84, 7.0, -1.0
-235.2, 7.0, -1.0
-231.4, 7.0, -1.0
-227.65, 7.0, -1.0
-223.74, 7.0, -2.0
-219.76, 7.0, -1.0
-215.85, 7.0, -1.0
-211.74, 7.0, -3.0
-207.62, 7.0, -1.0
-203.4, 7.0, -1.0
-199.23, 7.0, -1.0
-194.83, 7.0, -1.0
-190.59, 7.0, 0.0
-186.22, 7.0, -1.0
-181.92, 7.0, -1.0
-177.53, 7.0, 0.0
-173.12, 7.0, 0.0
-168.74, 7.0, 0.0
-164.29, 7.0, 0.0
-159.87, 7.0, 0.0
-155.45, 7.0, 0.0
-151.0, 7.0, -1.0
-146.5, 7.0, 0.0
-142.05, 7.0, 1.0
-137.68, 7.0, 2.0
-133.21, 7.0, 1.0
-128.72, 7.0, 2.0
-124.37, 7.0, 3.0
-120.01, 7.0, 3.0
-115.61, 7.0, 3.0
-111.12, 7.0, 4.0
-106.85, 6.0, 6.0
-102.66, 7.0, 5.0
-98.4, 7.0, 5.0
-94.2, 7.0, 4.0
-90.15, 7.0, 5.0
-86.01, 7.0, 3.0
-81.98, 7.0, 5.0
-77.92, 7.0, 5.0
-74.0, 7.0, 4.0
-70.08, 7.0, 6.0
-66.27, 7.0, 6.0
-62.49, 7.0, 5.0
-58.88, 7.0, 6.0
-55.34, 7.0, 5.0
-51.91, 7.0, 5.0
-48.48, 7.0, 6.0
-45.17, 7.0, 6.0
-41.95, 7.0, 5.0
-38.83, 7.0, 6.0
-35.71, 7.0, 6.0
-32.82, 7.0, 8.0
-29.94, 7.0, 7.0
-27.25, 7.0, 6.0
-24.5, 7.0, 6.0
-21.89, 7.0, 5.0
-19.34, 7.0, 6.0
-16.87, 7.0, 7.0
-14.61, 7.0, 7.0
-12.39, 7.0, 6.0
-10.34, 7.0, 7.0
-8.38, 7.0, 9.0
-6.52, 7.0, 8.0
-4.89, 7.0, 12.0
-3.31, 7.0, 9.0
-1.89, 7.0, 8.0
-0.61, 7.0, 7.0
0.6, 7.0, 6.0
1.65, 7.0, 8.0
2.54, 7.0, 7.0
3.36, 7.0, 7.0
4.03, 7.0, 7.0
4.67, 7.0, 8.0
5.11, 7.0, 8.0
5.52, 7.0, 8.0
5.8, 7.0, 7.0
5.89, 7.0, 8.0
5.89, 7.0, 8.0
5.89, 7.0, 8.0
5.89, 7.0, 8.0
5.41, 7.0, 12.0
4.86, 7.0, 8.0
4.15, 7.0, 9.0
3.28, 7.0, 8.0
2.27, 7.0, 8.0
1.11, 7.0, 9.0
-0.16, 7.0, 8.0
-1.58, 7.0, 8.0
-3.26, 7.0, 10.0
-5.0, 7.0, 10.0
-6.9, 7.0, 10.0
-8.94, 7.0, 10.0
-11.09, 7.0, 9.0
-13.35, 7.0, 8.0
-15.85, 7.0, 10.0
-18.5, 7.0, 12.0
-21.25, 7.0, 10.0
-24.15, 7.0, 8.0
-27.05, 7.0, 7.0
-30.11, 7.0, 6.0
-33.28, 7.0, 8.0
-36.65, 7.0, 9.0
-40.0, 7.0, 9.0
-43.58, 7.0, 7.0
-47.29, 7.0, 6.0
-50.94, 7.0, 6.0
-54.72, 7.0, 6.0
-58.43, 7.0, 6.0
-62.24, 7.0, 5.0
-66.23, 7.0, 8.0
-70.29, 7.0, 7.0
-74.35, 7.0, 6.0
-78.55, 7.0, 9.0
-82.84, 7.0, 9.0
-87.17, 7.0, 5.0
-91.59, 7.0, 8.0
-96.22, 7.0, 8.0
-100.99, 7.0, 9.0
-105.85, 7.0, 9.0
-110.59, 7.0, 7.0
-115.44, 7.0, 5.0
-120.34, 7.0, 5.0
-125.29, 7.0, 3.0
-130.0, 7.0, 1.0
-135.0, 7.0, 3.0
-140.03, 7.0, 8.0
-145.09, 7.0, 5.0
-150.15, 7.0, 4.0
-155.23, 7.0, 1.0
-160.15, 7.0, -1.0
-165.09, 6.0, -2.0
-169.92, 7.0, 0.0
-174.55, 7.0, -2.0
-179.37, 7.0, 2.0
-184.13, 7.0, 1.0
-188.96, 7.0, -2.0
-193.78, 7.0, 6.0
-198.44, 7.0, -1.0
-203.25, 7.0, 0.0
-208.05, 7.0, 4.0
-213.0, 7.0, 5.0
-217.81, 7.0, 0.0
-222.67, 7.0, 1.0
-227.27, 7.0, 2.0
-232.15, 7.0, 4.0
-236.78, 7.0, -3.0
-241.17, 7.0, -5.0
-245.43, 7.0, -3.0
-249.58, 7.0, -7.0
-253.6, 7.0, -1.0
-257.62, 7.0, 1.0
-261.44, 7.0, -5.0
-265.11, 7.0, -6.0
-268.77, 7.0, 0.0
-272.2, 7.0, -1.0
-275.5, 7.0, -3.0
-278.59, 7.0, -4.0
-281.55, 7.0, -5.0
-284.45, 7.0, -2.0
-287.19, 7.0, -3.0
-289.78, 7.0, -7.0
-292.23, 7.0, -6.0
-294.39, 7.0, -7.0
-296.3, 7.0, -6.0
-298.0, 7.0, -6.0
-299.5, 7.0, -6.0
