3.03, 7.0, 11.0
4.24, 7.0, 15.0
5.21, 7.0, 16.0
5.93, 7.0, 14.0
6.42, 7.0, 13.0
6.77, 7.0, 14.0
6.86, 7.0, 13.0
6.86, 7.0, 13.0
6.56, 7.0, 17.0
5.88, 7.0, 16.0
4.91, 7.0, 15.0
3.71, 7.0, 17.0
2.18, 7.0, 16.0
0.46, 7.0, 16.0
-1.62, 7.0, 15.0
-3.83, 7.0, 15.0
-6.42, 7.0, 16.0
-9.16, 7.0, 15.0
-12.1, 7.0, 16.0
-15.35, 7.0, 15.0
-18.71, 7.0, 14.0
-22.37, 7.0, 14.0
-26.19, 7.0, 14.0
-30.4, 7.0, 14.0
-34.68, 7.0, 13.0
-39.19, 7.0, 12.0
-43.79, 7.0, 12.0
-48.63, 7.0, 12.0
-53.59, 7.0, 11.0
-58.77, 7.0, 11.0
-63.98, 7.0, 11.0
-69.47, 7.0, 10.0
-74.95, 7.0, 9.0
-80.66, 7.0, 10.0
-86.38, 7.0, 9.0
-92.2, 7.0, 8.0
-98.2, 7.0, 7.0
-104.03, 7.0, 7.0
-110.24, 7.0, 9.0
-116.46, 7.0, 11.0
-122.88, 7.0, 8.0
-129.19, 7.0, 6.0
-135.49, 7.0, 5.0
-142.04, 7.0, 6.0
-148.51, 7.0, 5.0
-155.08, 7.0, 3.0
-161.55, 7.0, 2.0
-168.21, 7.0, 0.0
-174.63, 7.0, 0.0
-181.11, 7.0, 0.0
-187.37, 7.0, -2.0
-193.65, 7.0, -2.0
-199.76, 7.0, -4.0
-205.91, 7.0, -2.0
-211.93, 7.0, -4.0
-217.78, 7.0, -5.0
-223.57, 7.0, -2.0
-229.12, 7.0, -3.0
-234.6, 7.0, -4.0
-239.89, 7.0, -4.0
-245.03, 7.0, -2.0
-250.0, 7.0, -4.0
-254.95, 7.0, -5.0
-259.6, 7.0, -5.0
-264.01, 7.0, -5.0
-268.29, 7.0, -4.0
-272.36, 7.0, -6.0
-276.29, 7.0, -4.0
-280.07, 7.0, -6.0
-283.53, 7.0, -6.0
-286.95, 7.0, -6.0
-289.92, 7.0, -6.0
-292.75, 7.0, -6.0
-295.29, 7.0, -6.0
-297.71, 7.0, -6.0
-299.69, 7.0, -6.0
-301.54, 6.0, -6.0
-303.12, 7.0, -6.0
-304.44, 7.0, -6.0
-305.53, 7.0, -6.0
-306.31, 7.0, -6.0
-306.9, 7.0, -7.0
-307.29, 7.0, -6.0
-307.53, 7.0, -6.0
-307.53, 7.0, -6.0
-307.49, 7.0, -7.0
-306.86, 7.0, -9.0
-306.02, 7.0, -6.0
-304.92, 7.0, -8.0
-303.49, 7.0, -8.0
-301.85, 7.0, -7.0
-299.91, 7.0, -8.0
-297.71, 7.0, -7.0
-295.27, 7.0, -8.0
-292.53, 7.0, -7.0
-289.57, 7.0, -7.0
-286.34, 7.0, -6.0
-283.01, 7.0, -7.0
-279.32, 7.0, -8.0
-275.49, 7.0, -7.0
-271.42, 7.0, -5.0
-267.08, 7.0, -7.0
-262.69, 7.0, -6.0
-258.02, 7.0, -5.0
-253.32, 7.0, -6.0
-248.33, 7.0, -4.0
-243.21, 7.0, -5.0
-237.9, 7.0, -4.0
-232.56, 7.0, -4.0
-227.04, 7.0, -3.0
-221.45, 7.0, -4.0
-215.7, 7.0, -3.0
-209.79, 7.0, -3.0
-203.94, 7.0, -3.0
-197.86, 7.0, -3.0
-191.86, 7.0, -3.0
-185.6, 7.0, -3.0
-179.46, 7.0, -4.0
-173.01, 7.0, -2.0
-166.31, 7.0, -7.0
-159.1, 7.0, -13.0
-151.84, 7.0, -13.0
-144.66, 7.0, -6.0
-137.33, 7.0, 0.0
-130.01, 7.0, 6.0
-122.74, 7.0, 5.0
-115.73, 7.0, 6.0
-108.91, 7.0, 14.0
-102.1, 7.0, 15.0
-95.62, 7.0, 14.0
-89.37, 7.0, 17.0
-83.58, 7.0, 24.0
-77.77, 7.0, 14.0
-72.31, 7.0, 11.0
-67.12, 7.0, 13.0
-61.98, 7.0, 12.0
-56.91, 7.0, 7.0
-52.13, 7.0, 8.0
-47.23, 7.0, 7.0
-42.63, 7.0, 7.0
-38.03, 7.0, 8.0
-33.6, 7.0, 9.0
-29.47, 7.0, 9.0
-25.33, 7.0, 8.0
-21.58, 7.0, 10.0
-17.97, 7.0, 17.0
-14.61, 7.0, 15.0
-11.56, 7.0, 17.0
-8.78, 7.0, 16.0
-6.21, 7.0, 14.0
-3.93, 7.0, 16.0
-1.85, 7.0, 12.0
0.0, 7.0, 13.0
1.65, 7.0, 12.0
3.04, 7.0, 13.0
4.28, 7.0, 13.0
5.2, 7.0, 16.0
5.97, 7.0, 14.0
6.46, 7.0, 14.0
6.77, 7.0, 14.0
6.86, 7.0, 13.0
6.86, 7.0, 14.0
6.59, 7.0, 17.0
5.85, 7.0, 16.0
4.87, 7.0, 15.0
3.69, 7.0, 17.0
2.15, 7.0, 16.0
0.33, 7.0, 16.0
-1.65, 7.0, 15.0
-4.0, 7.0, 15.0
-6.46, 7.0, 14.0
-9.24, 7.0, 15.0
-12.13, 7.0, 15.0
-15.39, 7.0, 14.0
-18.74, 7.0, 14.0
-22.39, 7.0, 14.0
-26.21, 7.0, 14.0
-30.36, 7.0, 14.0
-34.59, 7.0, 12.0
-39.17, 7.0, 12.0
-43.81, 7.0, 11.0
-48.62, 7.0, 11.0
-53.64, 7.0, 12.0
-58.76, 7.0, 13.0
-64.02, 9.0, 11.0
-69.24, 7.0, 11.0
-74.87, 7.0, 10.0
-80.2, 7.0, 10.0
-86.05, 7.0, 11.0
-91.88, 7.0, 10.0
-97.98, 7.0, 9.0
-104.05, 7.0, 7.0
-110.38, 7.0, 8.0
-116.49, 7.0, 8.0
-123.1, 7.0, 12.0
-129.58, 7.0, 10.0
-136.2, 7.0, 3.0
-142.64, 7.0, 3.0
-149.21, 7.0, 2.0
-155.55, 7.0, 1.0
-162.04, 7.0, 3.0
-168.58, 7.0, -1.0
-174.94, 7.0, -1.0
-181.38, 7.0, -2.0
-187.63, 7.0, -3.0
-193.9, 7.0, 0.0
-199.93, 7.0, -2.0
-206.02, 7.0, -3.0
-211.87, 7.0, -4.0
-217.81, 7.0, -3.0
-223.36, 7.0, -1.0
-229.05, 7.0, -2.0
-234.52, 7.0, -4.0
-239.91, 7.0, -4.0
-245.08, 7.0, -4.0
-250.12, 7.0, -5.0
-254.98, 7.0, -5.0
-259.62, 7.0, -5.0
-264.08, 7.0, -5.0
-268.4, 7.0, -5.0
-272.46, 8.0, -5.0
-276.44, 7.0, -6.0
-280.07, 7.0, -5.0
-283.55, 7.0, -6.0
-286.77, 7.0, -6.0
-289.84, 7.0, -6.0
-292.7, 7.0, -6.0
-295.26, 7.0, -7.0
-297.59, 7.0, -6.0
-299.7, 7.0, -6.0
-301.5, 7.0, -6.0
-303.1, 7.0, -6.0
-304.47, 7.0, -7.0
-305.55, 7.0, -6.0
-306.41, 7.0, -7.0
-306.98, 7.0, -6.0
-307.35, 7.0, -6.0
-307.53, 7.0, -6.0
-307.53, 7.0, -6.0
-307.53, 7.0, -7.0
-306.87, 7.0, -11.0
-306.03, 7.0, -6.0
-304.89, 7.0, -8.0
-303.53, 7.0, -8.0
-301.83, 7.0, -7.0
-299.89, 7.0, -7.0
-297.75, 7.0, -7.0
-295.28, 7.0, -7.0
-292.67, 7.0, -7.0
-289.68, 7.0, -8.0
-286.46, 7.0, -7.0
-283.05, 7.0, -7.0
-279.36, 7.0, -6.0
-275.56, 7.0, -6.0
-271.41, 7.0, -7.0
-267.21, 7.0, -7.0
-262.67, 7.0, -5.0
-258.26, 7.0, -5.0
-253.42, 7.0, -6.0
-248.42, 8.0, -5.0
-243.28, 7.0, -5.0
-238.08, 7.0, -4.0
-232.62, 7.0, -3.0
-227.19, 7.0, -3.0
-221.52, 7.0, -3.0
-215.76, 7.0, -3.0
-209.93, 7.0, -3.0
-203.98, 7.0, -4.0
-197.89, 7.0, -4.0
-191.84, 7.0, -3.0
-185.7, 7.0, -3.0
-179.52, 7.0, -3.0
-173.14, 7.0, -2.0
-166.84, 7.0, -2.0
-160.5, 7.0, -2.0
-154.03, 7.0, -1.0
-147.48, 7.0, -1.0
-141.24, 7.0, 0.0
-134.71, 7.0, 0.0
-128.28, 7.0, 3.0
-121.91, 7.0, 4.0
-115.56, 7.0, 3.0
-109.3, 7.0, 5.0
-103.0, 7.0, 5.0
-96.9, 7.0, 8.0
-90.79, 7.0, 8.0
-84.74, 7.0, 8.0
-78.9, 7.0, 8.0
-73.48, 7.0, 8.0
-67.96, 7.0, 6.0
-62.43, 7.0, 7.0
-57.12, 7.0, 10.0
-52.0, 7.0, 12.0
-47.14, 7.0, 11.0
-42.49, 7.0, 13.0
-37.87, 7.0, 11.0
-33.53, 7.0, 14.0
-29.59, 7.0, 13.0
-25.62, 7.0, 11.0
-21.81, 7.0, 11.0
