-154.0, 7.0, 1.0
-150.14, 7.0, 1.0
-146.36, 7.0, 2.0
-142.5, 7.0, 2.0
-138.58, 7.0, 1.0
-134.72, 7.0, 2.0
-130.96, 7.0, 2.0
-127.13, 7.0, 2.0
-123.24, 7.0, 1.0
-119.44, 7.0, 2.0
-115.56, 7.0, 2.0
-111.83, 7.0, 4.0
-108.16, 7.0, 4.0
-104.39, 7.0, 3.0
-100.66, 7.0, 3.0
-97.02, 7.0, 4.0
-93.36, 6.0, 4.0
-90.04, 7.0, 5.0
-86.41, 7.0, 2.0
-82.77, 7.0, 2.0
-79.13, 7.0, 6.0
-75.67, 7.0, 5.0
-72.25, 7.0, 5.0
-68.9, 7.0, 6.0
-65.63, 7.0, 6.0
-62.36, 7.0, 5.0
-59.24, 7.0, 6.0
-56.14, 7.0, 5.0
-53.09, 7.0, 4.0
-50.09, 7.0, 5.0
-47.17, 7.0, 5.0
-44.31, 7.0, 4.0
-41.47, 7.0, 4.0
-38.72, 7.0, 4.0
-35.95, 7.0, 5.0
-33.26, 7.0, 6.0
-30.78, 7.0, 7.0
-28.36, 7.0, 5.0
-25.95, 7.0, 5.0
-23.65, 7.0, 6.0
-21.33, 7.0, 6.0
-19.19, 7.0, 6.0
-17.15, 7.0, 6.0
-15.19, 7.0, 7.0
-13.25, 7.0, 5.0
-11.45, 7.0, 6.0
-9.7, 7.0, 6.0
-8.04, 7.0, 5.0
-6.42, 7.0, 6.0
-4.92, 7.0, 8.0
-3.52, 7.0, 5.0
-2.29, 7.0, 6.0
-1.09, 7.0, 8.0
-0.01, 7.0, 7.0
0.98, 7.0, 7.0
1.84, 7.0, 7.0
2.54, 7.0, 8.0
3.21, 7.0, 8.0
3.91, 7.0, 7.0
4.41, 7.0, 8.0
4.82, 7.0, 7.0
5.01, 7.0, 6.0
5.27, 7.0, 6.0
5.44, 7.0, 5.0
5.45, 7.0, 6.0
5.45, 7.0, 6.0
5.45, 7.0, 6.0
5.42, 7.0, 7.0
5.0, 7.0, 9.0
4.47, 7.0, 8.0
3.82, 7.0, 8.0
3.12, 7.0, 7.0
2.18, 7.0, 8.0
1.22, 7.0, 8.0
0.09, 7.0, 8.0
-1.09, 7.0, 7.0
-2.46, 7.0, 8.0
-3.97, 7.0, 8.0
-5.44, 7.0, 6.0
-7.14, 7.0, 8.0
-8.89, 7.0, 8.0
-10.74, 7.0, 6.0
-12.63, 7.0, 6.0
-14.68, 7.0, 8.0
-16.86, 7.0, 8.0
-19.0, 7.0, 5.0
-21.29, 7.0, 5.0
-23.59, 7.0, 6.0
-26.12, 7.0, 6.0
-28.65, 7.0, 6.0
-31.19, 7.0, 6.0
-33.85, 7.0, 5.0
-36.66, 7.0, 5.0
-39.56, 7.0, 8.0
-42.5, 7.0, 10.0
-45.72, 7.0, 8.0
-48.99, 7.0, 7.0
-52.22, 7.0, 7.0
-55.52, 7.0, 7.0
-59.08, 7.0, 7.0
-62.67, 7.0, 8.0
-66.49, 7.0, 7.0
-70.19, 7.0, 5.0
-73.85, 7.0, 2.0
-77.62, 7.0, 3.0
-81.32, 7.0, 4.0
-85.11, 7.0, 4.0
-88.6, 7.0, 2.0
-92.41, 7.0, 4.0
-96.3, 7.0, 6.0
-100.4, 7.0, 10.0
-104.44, 7.0, 9.0
-108.61, 7.0, 6.0
-112.74, 7.0, 4.0
-117.03, 7.0, 5.0
-121.13, 7.0, 4.0
-125.29, 7.0, 3.0
-129.54, 7.0, 4.0
-133.96, 7.0, 7.0
-138.24, 7.0, 1.0
-142.49, 7.0, 0.0
-146.8, 7.0, 4.0
-151.11, 7.0, 3.0
-155.34, 7.0, 2.0
-159.61, 7.0, 2.0
-163.8, 7.0, -1.0
-167.98, 7.0, -2.0
-172.09, 7.0, -2.0
-176.13, 7.0, -2.0
-180.11, 7.0, 0.0
-184.17, 7.0, 4.0
-188.27, 7.0, 8.0
-192.5, 7.0, 7.0
-196.65, 7.0, 3.0
-201.06, 7.0, 2.0
-205.19, 7.0, -1.0
-209.27, 7.0, -3.0
-213.17, 7.0, -3.0
-217.05, 7.0, -4.0
-220.97, 7.0, 3.0
-224.89, 7.0, 4.0
-228.81, 7.0, 2.0
-232.59, 7.0, 0.0
-236.24, 7.0, -2.0
-240.09, 7.0, 3.0
-243.75, 7.0, 4.0
-247.46, 7.0, 0.0
-251.07, 7.0, -3.0
-254.52, 7.0, -4.0
-257.77, 7.0, -4.0
-260.92, 7.0, -5.0
-263.77, 7.0, -4.0
-266.59, 7.0, -6.0
-269.24, 7.0, -4.0
-271.9, 7.0, 2.0
-274.61, 7.0, 2.0
-277.26, 7.0, 0.0
-279.75, 7.0, 0.0
-282.19, 7.0, -2.0
-284.45, 7.0, -3.0
-286.62, 7.0, -5.0
-288.66, 7.0, -4.0
-290.54, 7.0, -4.0
-292.32, 7.0, -4.0
-293.94, 7.0, -4.0
-295.55, 7.0, -2.0
-297.05, 7.0, -3.0
-298.41, 7.0, -2.0
-299.71, 7.0, -2.0
-300.87, 7.0, -3.0
-301.87, 7.0, -4.0
-302.74, 7.0, -3.0
-303.55, 7.0, -4.0
-304.17, 7.0, -5.0
-304.74, 7.0, -4.0
-305.12, 7.0, -4.0
-305.47, 7.0, -4.0
-305.6, 7.0, -4.0
-305.6, 7.0, -4.0
-305.6, 7.0, -4.0
-305.6, 7.0, -4.0
-305.6, 7.0, -2.0
-305.34, 7.0, -3.0
-304.97, 7.0, -2.0
-304.51, 7.0, -3.0
-303.86, 7.0, -6.0
-303.06, 7.0, -4.0
-302.02, 7.0, -7.0
-300.82, 7.0, -6.0
-299.45, 7.0, -5.0
-297.88, 7.0, -6.0
-296.29, 7.0, -5.0
-294.46, 7.0, -5.0
-292.58, 7.0, -4.0
-290.54, 7.0, -2.0
-288.48, 7.0, -2.0
-286.11, 7.0, -7.0
-283.55, 7.0, -6.0
-280.96, 7.0, -3.0
-278.18, 7.0, -4.0
-275.47, 7.0, -2.0
-272.69, 7.0, -3.0
-269.75, 7.0, -2.0
-266.81, 7.0, -1.0
-263.49, 7.0, -7.0
-260.01, 7.0, -7.0
-256.52, 7.0, -2.0
-252.83, 7.0, -3.0
-249.24, 7.0, -1.0
-245.55, 7.0, 1.0
-241.98, 7.0, 1.0
-238.32, 7.0, 2.0
-234.49, 7.0, 4.0
-230.9, 7.0, 5.0
-227.21, 7.0, 4.0
-223.29, 7.0, -4.0
-219.12, 7.0, -9.0
-214.85, 7.0, -5.0
-210.46, 7.0, -3.0
-206.19, 7.0, -2.0
-201.62, 7.0, -1.0
-197.25, 7.0, 3.0
-192.9, 7.0, -1.0
-188.49, 7.0, 4.0
-184.06, 7.0, 7.0
-179.74, 7.0, 2.0
-175.57, 7.0, 2.0
-171.35, 7.0, 8.0
-167.19, 7.0, 6.0
-163.09, 7.0, 4.0
-159.01, 7.0, 0.0
-154.93, 7.0, 0.0
-150.82, 7.0, 0.0
-146.72, 7.0, -1.0
-142.51, 7.0, -1.0
-138.23, 7.0, 0.0
-134.0, 7.0, 0.0
-129.78, 7.0, 2.0
-125.63, 7.0, 1.0
-121.43, 7.0, 1.0
-117.2, 7.0, 1.0
-113.02, 7.0, 2.0
-108.97, 7.0, 2.0
-104.74, 7.0, 3.0
-100.55, 7.0, 5.0
-96.41, 7.0, 6.0
-92.47, 7.0, 7.0
-88.53, 7.0, 5.0
-84.63, 7.0, 3.0
-80.73, 7.0, 4.0
-77.0, 7.0, 5.0
-73.02, 7.0, 4.0
-69.26, 7.0, 5.0
-65.63, 7.0, 7.0
-62.03, 7.0, 6.0
-58.63, 7.0, 5.0
-55.14, 7.0, 6.0
-51.79, 7.0, 5.0
-48.51, 7.0, 6.0
-45.35, 7.0, 6.0
-42.21, 7.0, 6.0
-39.2, 7.0, 5.0
-36.17, 7.0, 6.0
-33.24, 7.0, 6.0
-30.45, 7.0, 6.0
-27.69, 7.0, 6.0
-25.12, 7.0, 7.0
-22.56, 7.0, 6.0
-19.96, 7.0, 6.0
-17.62, 7.0, 8.0
-15.39, 7.0, 10.0
-13.2, 7.0, 7.0
-11.22, 7.0, 6.0
-9.29, 7.0, 6.0
-7.54, 7.0, 6.0
-5.84, 7.0, 8.0
-4.26, 7.0, 8.0
-2.76, 7.0, 8.0
-1.43, 7.0, 9.0
-0.3, 7.0, 10.0
0.77, 7.0, 7.0
1.67, 7.0, 7.0
2.48, 7.0, 7.0
3.21, 7.0, 7.0
3.87, 7.0, 7.0
4.43, 7.0, 7.0
4.89, 7.0, 7.0
5.19, 7.0, 8.0
5.52, 7.0, 7.0
5.67, 7.0, 8.0
5.71, 7.0, 8.0
5.71, 7.0, 8.0
5.71, 7.0, 8.0
5.41, 7.0, 10.0
4.92, 7.0, 7.0
4.3, 7.0, 7.0
3.53, 7.0, 8.0
2.64, 7.0, 8.0
1.63, 7.0, 8.0
0.54, 7.0, 8.0
