-173.32, 7.0, -1.0
-177.75, 7.0, 0.0
-181.96, 7.0, 1.0
-186.34, 7.0, 0.0
-190.52, 7.0, 0.0
-194.81, 7.0, 0.0
-198.98, 7.0, 0.0
-203.23, 7.0, 0.0
-207.4, 7.0, 0.0
-211.61, 7.0, -2.0
-215.67, 7.0, 0.0
-219.77, 7.0, 1.0
-223.66, 7.0, -1.0
-227.61, 7.0, -1.0
-231.35, 7.0, -1.0
-235.1, 7.0, 0.0
-238.75, 7.0, -1.0
-242.45, 7.0, -1.0
-246.04, 7.0, 0.0
-249.5, 7.0, -2.0
-252.83, 7.0, -1.0
-256.06, 7.0, -2.0
-259.22, 7.0, -2.0
-262.43, 7.0, -1.0
-265.35, 7.0, -2.0
-268.27, 7.0, -1.0
-271.05, 7.0, -2.0
-273.74, 7.0, -2.0
-276.4, 7.0, -2.0
-278.95, 7.0, -2.0
-281.36, 7.0, -2.0
-283.67, 7.0, -2.0
-285.9, 7.0, -3.0
-287.97, 7.0, -3.0
-290.14, 7.0, -4.0
-291.92, 7.0, -5.0
-293.71, 7.0, -4.0
-295.26, 7.0, -4.0
-296.77, 7.0, -3.0
-298.12, 7.0, -4.0
-299.38, 7.0, -3.0
-300.56, 7.0, -4.0
-301.55, 7.0, -4.0
-302.47, 7.0, -4.0
-303.26, 7.0, -4.0
-304.05, 7.0, -4.0
-304.58, 7.0, -4.0
-305.02, 7.0, -4.0
-305.33, 7.0, -4.0
-305.51, 7.0, -4.0
-305.6, 7.0, -4.0
-305.6, 7.0, -4.0
-305.6, 7.0, -3.0
-305.6, 7.0, -2.0
-305.4, 7.0, -3.0
-304.96, 7.0, -2.0
-304.53, 7.0, -3.0
-303.91, 7.0, -4.0
-303.17, 7.0, -5.0
-302.23, 7.0, -6.0
-301.16, 7.0, -5.0
-299.88, 7.0, -6.0
-298.39, 7.0, -6.0
-296.99, 7.0, 0.0
-295.33, 7.0, -5.0
-293.51, 7.0, -6.0
-291.54, 7.0, -3.0
-289.41, 7.0, -6.0
-287.18, 7.0, -4.0
-284.81, 7.0, -3.0
-282.36, 7.0, -4.0
-279.8, 7.0, -3.0
-277.17, 7.0, -3.0
-274.35, 7.0, -2.0
-271.61, 7.0, -1.0
-268.77, 7.0, -3.0
-265.71, 7.0, -4.0
-262.63, 7.0, -1.0
-259.49, 7.0, -2.0
-256.29, 7.0, -3.0
-252.97, 7.0, -2.0
-249.65, 7.0, -3.0
-246.12, 7.0, -3.0
-242.55, 7.0, -2.0
-239.23, 7.0, 8.0
-235.79, 7.0, 7.0
-232.06, 7.0, -7.0
-228.32, 7.0, -6.0
-224.48, 7.0, -4.0
-220.41, 7.0, -4.0
-216.34, 7.0, -3.0
-212.16, 7.0, -2.0
-207.91, 7.0, -2.0
-203.71, 7.0, -3.0
-199.41, 7.0, -2.0
-194.89, 7.0, 1.0
-190.39, 7.0, 1.0
-186.02, 7.0, 2.0
-181.56, 7.0, 2.0
-177.29, 7.0, 2.0
-172.87, 7.0, 2.0
-168.58, 7.0, 1.0
-164.22, 7.0, 0.0
-159.83, 7.0, 0.0
-155.43, 7.0, 0.0
-150.97, 7.0, 0.0
-146.5, 7.0, 2.0
-142.06, 7.0, 2.0
-137.61, 7.0, 1.0
-133.32, 7.0, 2.0
-128.89, 7.0, 1.0
-124.49, 7.0, 1.0
-120.08, 7.0, 3.0
-115.75, 7.0, 3.0
-111.36, 7.0, 4.0
-106.94, 7.0, 5.0
-102.66, 7.0, 4.0
-98.52, 7.0, 4.0
-94.35, 7.0, 3.0
-90.19, 7.0, 5.0
-86.3, 7.0, 5.0
-82.27, 7.0, 4.0
-78.41, 7.0, 4.0
-74.37, 7.0, 4.0
-70.46, 7.0, 4.0
-66.65, 7.0, 7.0
-62.88, 7.0, 5.0
-59.29, 7.0, 6.0
-55.7, 7.0, 7.0
-52.12, 7.0, 6.0
-48.77, 7.0, 7.0
-45.46, 7.0, 8.0
-42.24, 7.0, 6.0
-39.15, 7.0, 6.0
-36.04, 7.0, 7.0
-33.15, 7.0, 9.0
-30.46, 7.0, 6.0
-27.68, 7.0, 6.0
-25.0, 7.0, 6.0
-22.5, 7.0, 8.0
-20.0, 7.0, 6.0
-17.71, 7.0, 6.0
-15.38, 7.0, 5.0
-13.21, 7.0, 6.0
-11.08, 7.0, 8.0
-9.19, 7.0, 10.0
-7.33, 7.0, 7.0
-5.66, 7.0, 8.0
-4.03, 7.0, 9.0
-2.56, 7.0, 7.0
-1.2, 7.0, 8.0
0.0, 7.0, 7.0
1.08, 7.0, 8.0
2.09, 7.0, 7.0
2.91, 7.0, 7.0
3.69, 7.0, 8.0
4.25, 7.0, 9.0
4.8, 7.0, 7.0
5.19, 7.0, 7.0
5.52, 7.0, 7.0
5.69, 7.0, 7.0
5.8, 7.0, 8.0
5.8, 7.0, 7.0
5.8, 7.0, 7.0
5.77, 7.0, 9.0
5.32, 7.0, 11.0
4.8, 7.0, 8.0
4.11, 7.0, 9.0
3.32, 7.0, 8.0
2.36, 7.0, 8.0
1.25, 7.0, 8.0
-0.05, 7.0, 8.0
-1.42, 7.0, 8.0
-2.93, 7.0, 8.0
-4.5, 7.0, 8.0
-6.2, 7.0, 8.0
-8.06, 7.0, 8.0
-10.04, 7.0, 7.0
-12.09, 7.0, 8.0
-14.32, 7.0, 8.0
-16.65, 7.0, 8.0
-19.07, 7.0, 8.0
-21.6, 7.0, 8.0
-24.32, 7.0, 7.0
-27.07, 7.0, 6.0
-29.83, 7.0, 7.0
-32.75, 7.0, 7.0
-35.7, 7.0, 6.0
-38.86, 7.0, 6.0
-41.96, 7.0, 6.0
-45.28, 7.0, 6.0
-48.63, 7.0, 6.0
-51.93, 7.0, 6.0
-55.42, 7.0, 8.0
-59.08, 7.0, 6.0
-62.72, 7.0, 6.0
-66.51, 7.0, 6.0
-70.37, 7.0, 5.0
-74.3, 7.0, 6.0
-78.16, 7.0, 6.0
-82.21, 7.0, 6.0
-86.2, 7.0, 6.0
-90.33, 7.0, 4.0
-94.4, 7.0, 5.0
-98.43, 7.0, 5.0
-102.68, 7.0, 5.0
-107.01, 7.0, 6.0
-111.25, 7.0, 5.0
-115.58, 7.0, 4.0
-119.91, 7.0, 6.0
-124.23, 7.0, 6.0
-128.72, 7.0, 3.0
-133.18, 7.0, 3.0
-137.61, 7.0, 4.0
-142.04, 7.0, 3.0
-146.55, 7.0, 2.0
-151.1, 7.0, 4.0
-155.4, 7.0, 1.0
-159.93, 7.0, 3.0
-164.41, 7.0, 3.0
-168.83, 7.0, 2.0
-173.17, 7.0, 2.0
-177.54, 7.0, 1.0
-182.05, 7.0, 2.0
-186.34, 7.0, -1.0
-190.74, 7.0, 0.0
-195.04, 7.0, 0.0
-199.35, 7.0, -2.0
-203.47, 7.0, -1.0
-207.63, 7.0, 1.0
-211.73, 7.0, -1.0
-215.72, 7.0, -1.0
-219.7, 7.0, 4.0
-223.66, 7.0, 0.0
-227.54, 7.0, -1.0
-231.38, 7.0, 0.0
-235.13, 7.0, -1.0
-238.81, 7.0, -2.0
-242.35, 7.0, -2.0
-245.8, 7.0, 0.0
-249.26, 7.0, -1.0
-252.65, 7.0, -2.0
-255.82, 7.0, -1.0
-259.11, 7.0, 0.0
-262.21, 7.0, -3.0
-265.28, 7.0, -1.0
-268.24, 7.0, -1.0
-271.23, 7.0, -2.0
-273.97, 7.0, -3.0
-276.62, 7.0, -4.0
-279.06, 7.0, -2.0
-281.45, 7.0, -3.0
-283.74, 7.0, -4.0
-285.92, 7.0, -3.0
-287.96, 7.0, -4.0
-289.95, 7.0, -3.0
-291.76, 7.0, -3.0
-293.58, 7.0, -2.0
-295.23, 7.0, -3.0
-296.71, 7.0, -4.0
-298.12, 7.0, -4.0
-299.43, 7.0, -4.0
-300.57, 7.0, -4.0
-301.62, 7.0, -4.0
-302.59, 7.0, -4.0
-303.34, 7.0, -4.0
-304.04, 7.0, -4.0
-304.61, 7.0, -4.0
-304.98, 7.0, -4.0
-305.31, 7.0, -4.0
-305.56, 7.0, -4.0
-305.6, 7.0, -4.0
-305.6, 7.0, -4.0
-305.6, 7.0, -4.0
-305.6, 7.0, -3.0
-305.42, 7.0, -3.0
-305.03, 7.0, -2.0
-304.59, 7.0, -4.0
-303.91, 7.0, -4.0
-303.18, 7.0, -5.0
-302.33, 6.0, -4.0
-301.26, 7.0, -6.0
-300.05, 7.0, -6.0
-298.59, 7.0, -5.0
-296.96, 7.0, -5.0
-295.22, 7.0, -6.0
-293.38, 7.0, -4.0
-291.38, 7.0, -5.0
-289.24, 7.0, -4.0
-287.0, 7.0, -3.0
-284.71, 7.0, -3.0
-282.28, 7.0, -3.0
-279.8, 7.0, -2.0
-277.18, 7.0, -3.0
-274.5, 7.0, -3.0
-271.71, 7.0, -2.0
-268.75, 7.0, -3.0
-265.8, 7.0, -3.0
-262.75, 7.0, -3.0
-259.62, 7.0, -3.0
