-150.12, 9.0, 0.0
-150.03, 9.0, 0.0
-149.94, 9.0, 0.0
-149.94, 9.0, 0.0
-149.85, 8.0, 0.0
-149.76, 9.0, 0.0
0.0, 0.0, 0.0
0.0, 0.0, 0.0
0.0, 0.0, 0.0
0.0, 0.0, 0.0
0.0, 0.0, 0.0
0.0, 0.0, 0.0
0.0, 0.0, 0.0
0.0, 0.0, 0.0
0.0, 0.0, 0.0
0.0, 0.0, 0.0
0.0, 0.0, 0.0
0.0, 0.0, 0.0
0.0, 0.0, 0.0
0.0, 0.0, 0.0
0.0, 0.0, 0.0
0.0, 0.0, 0.0
0.0, 0.0, 0.0
0.0, 0.0, 0.0
0.0, 0.0, 0.0
0.0, 0.0, 0.0
0.0, 0.0, 0.0
0.0, 0.0, 0.0
0.0, 0.0, 0.0
0.0, 0.0, 0.0
0.0, 0.0, 0.0
0.0, 0.0, 0.0
0.0, 0.0, 0.0
0.0, 0.0, 0.0
0.0, 0.0, 0.0
0.0, 0.0, 0.0
0.0, 0.0, 0.0
0.0, 0.0, 0.0
0.0, 0.0, 0.0
0.0, 0.0, 0.0
0.0, 0.0, 0.0
0.0, 0.0, 0.0
0.0, 0.0, 0.0
0.0, 0.0, 0.0
0.0, 0.0, 0.0
0.0, 0.0, 0.0
0.0, 0.0, 0.0
0.0, 0.0, 0.0
0.0, 0.0, 0.0
0.0, 0.0, 0.0
0.0, 0.0, 0.0
0.0, 0.0, 0.0
0.0, 0.0, 0.0
0.0, 0.0, 0.0
0.0, 0.0, 0.0
0.0, 0.0, 0.0
0.0, 0.0, 0.0
0.0, 0.0, 0.0
0.0, 0.0, 0.0
0.0, 0.0, 0.0
0.0, 0.0, 0.0
0.0, 0.0, 0.0
0.0, 0.0, 0.0
0.0, 0.0, 0.0
0.0, 0.0, 0.0
0.0, 0.0, 0.0
0.0, 0.0, 0.0
0.0, 0.0, 0.0
0.0, 0.0, 0.0
0.0, 0.0, 0.0
0.0, 0.0, 0.0
0.0, 0.0, 0.0
0.0, 0.0, 0.0
0.0, 0.0, 0.0
0.0, 0.0, 0.0
0.0, 0.0, 0.0
0.0, 0.0, 0.0
0.0, 0.0, 0.0
0.0, 0.0, 0.0
0.0, 0.0, 0.0
0.0, 0.0, 0.0
0.0, 0.0, 0.0
0.0, 0.0, 0.0
0.0, 0.0, 0.0
0.0, 0.0, 0.0
0.0, 0.0, 0.0
0.0, 0.0, 0.0
0.0, 0.0, 0.0
0.0, 0.0, 0.0
0.0, 0.0, 0.0
0.0, 0.0, 0.0
0.0, 0.0, 0.0
0.0, 0.0, 0.0
0.0, 0.0, 0.0
0.0, 0.0, 0.0
0.0, 0.0, 0.0
0.0, 0.0, 0.0
0.0, 0.0, 0.0
0.0, 0.0, 0.0
0.0, 0.0, 0.0
0.0, 0.0, 0.0
0.0, 0.0, 0.0
0.0, 0.0, 0.0
0.0, 0.0, 0.0
0.0, 0.0, 0.0
0.0, 0.0, 0.0
0.0, 0.0, 0.0
0.0, 0.0, 0.0
0.0, 0.0, 0.0
0.0, 0.0, 0.0
0.0, 0.0, 0.0
0.0, 0.0, 0.0
0.0, 0.0, 0.0
0.0, 0.0, 0.0
0.0, 0.0, 0.0
0.0, 0.0, 0.0
0.0, 0.0, 0.0
0.0, 0.0, 0.0
0.0, 0.0, 0.0
0.0, 0.0, 0.0
0.0, 0.0, 0.0
0.0, 0.0, 0.0
0.0, 0.0, 0.0
0.0, 0.0, 0.0
0.0, 0.0, 0.0
0.0, 0.0, 0.0
0.0, 0.0, 0.0
0.0, 0.0, 0.0
0.0, 0.0, 0.0
0.0, 0.0, 0.0
0.0, 0.0, 0.0
0.0, 0.0, 0.0
0.0, 0.0, 0.0
0.0, 0.0, 0.0
0.0, 0.0, 0.0
0.0, 0.0, 0.0
0.0, 0.0, 0.0
0.0, 0.0, 0.0
0.0, 0.0, 0.0
0.0, 0.0, 0.0
0.0, 0.0, 0.0
0.0, 0.0, 0.0
0.0, 0.0, 0.0
0.0, 0.0, 0.0
0.0, 0.0, 0.0
0.0, 0.0, 0.0
0.0, 0.0, 0.0
0.0, 0.0, 0.0
0.0, 0.0, 0.0
0.0, 0.0, 0.0
0.0, 0.0, 0.0
0.0, 0.0, 0.0
0.0, 0.0, 0.0
0.0, 0.0, 0.0
0.0, 0.0, 0.0
0.0, 0.0, 0.0
0.0, 0.0, 0.0
0.0, 0.0, 0.0
0.0, 0.0, 0.0
0.0, 0.0, 0.0
0.0, 0.0, 0.0
0.0, 0.0, 0.0
0.0, 0.0, 0.0
0.0, 0.0, 0.0
0.0, 0.0, 0.0
0.0, 0.0, 0.0
0.0, 0.0, 0.0
0.0, 0.0, 0.0
0.0, 0.0, 0.0
0.0, 0.0, 0.0
0.0, 0.0, 0.0
0.0, 0.0, 0.0
0.0, 0.0, 0.0
0.0, 0.0, 0.0
0.0, 0.0, 0.0
0.0, 0.0, 0.0
0.0, 0.0, 0.0
0.0, 0.0, 0.0
0.0, 0.0, 0.0
0.0, 0.0, 0.0
0.0, 0.0, 0.0
0.0, 0.0, 0.0
0.0, 0.0, 0.0
0.0, 0.0, 0.0
0.0, 0.0, 0.0
0.0, 0.0, 0.0
0.0, 0.0, 0.0
0.0, 0.0, 0.0
0.0, 0.0, 0.0
0.0, 0.0, 0.0
0.0, 0.0, 0.0
0.0, 0.0, 0.0
0.0, 0.0, 0.0
0.0, 0.0, 0.0
0.0, 0.0, 0.0
0.0, 0.0, 0.0
0.0, 0.0, 0.0
0.0, 0.0, 0.0
0.0, 0.0, 0.0
0.0, 0.0, 0.0
0.0, 0.0, 0.0
0.0, 0.0, 0.0
0.0, 0.0, 0.0
0.0, 0.0, 0.0
0.0, 0.0, 0.0
0.0, 0.0, 0.0
0.0, 0.0, 0.0
0.0, 0.0, 0.0
0.0, 0.0, 0.0
0.0, 0.0, 0.0
0.0, 0.0, 0.0
0.0, 0.0, 0.0
0.0, 0.0, 0.0
0.0, 0.0, 0.0
0.0, 0.0, 0.0
0.0, 0.0, 0.0
0.0, 0.0, 0.0
0.0, 0.0, 0.0
0.0, 0.0, 0.0
0.0, 0.0, 0.0
0.0, 0.0, 0.0
0.0, 0.0, 0.0
0.0, 0.0, 0.0
0.0, 0.0, 0.0
0.0, 0.0, 0.0
0.0, 0.0, 0.0
0.0, 0.0, 0.0
0.0, 0.0, 0.0
0.0, 0.0, 0.0
0.0, 0.0, 0.0
0.0, 0.0, 0.0
0.0, 0.0, 0.0
0.0, 0.0, 0.0
0.0, 0.0, 0.0
0.0, 0.0, 0.0
0.0, 0.0, 0.0
0.0, 0.0, 0.0
0.0, 0.0, 0.0
0.0, 0.0, 0.0
0.0, 0.0, 0.0
0.0, 0.0, 0.0
0.0, 0.0, 0.0
0.0, 0.0, 0.0
0.0, 0.0, 0.0
0.0, 0.0, 0.0
0.0, 0.0, 0.0
0.0, 0.0, 0.0
0.0, 0.0, 0.0
0.0, 0.0, 0.0
0.0, 0.0, 0.0
0.0, 0.0, 0.0
0.0, 0.0, 0.0
0.0, 0.0, 0.0
0.0, 0.0, 0.0
0.0, 0.0, 0.0
0.0, 0.0, 0.0
0.0, 0.0, 0.0
0.0, 0.0, 0.0
0.0, 0.0, 0.0
0.0, 0.0, 0.0
0.0, 0.0, 0.0
0.0, 0.0, 0.0
0.0, 0.0, 0.0
0.0, 0.0, 0.0
0.0, 0.0, 0.0
0.0, 0.0, 0.0
0.0, 0.0, 0.0
0.0, 0.0, 0.0
0.0, 0.0, 0.0
0.0, 0.0, 0.0
0.0, 0.0, 0.0
0.0, 0.0, 0.0
0.0, 0.0, 0.0
0.0, 0.0, 0.0
0.0, 0.0, 0.0
0.0, 0.0, 0.0
0.0, 0.0, 0.0
0.0, 0.0, 0.0
0.0, 0.0, 0.0
0.0, 0.0, 0.0
0.0, 0.0, 0.0
0.0, 0.0, 0.0
0.0, 0.0, 0.0
0.0, 0.0, 0.0
0.0, 0.0, 0.0
0.0, 0.0, 0.0
0.0, 0.0, 0.0
0.0, 0.0, 0.0
0.0, 0.0, 0.0
0.0, 0.0, 0.0
0.0, 0.0, 0.0
0.0, 0.0, 0.0
0.0, 0.0, 0.0
0.0, 0.0, 0.0
0.0, 0.0, 0.0
0.0, 0.0, 0.0
0.0, 0.0, 0.0
0.0, 0.0, 0.0
0.0, 0.0, 0.0
0.0, 0.0, 0.0
