-20.15, 7.0, 49.0
-27.9, 7.0, 50.0
-36.73, 7.0, 48.0
-46.35, 7.0, 52.0
-56.71, 7.0, 47.0
-68.02, 7.0, 41.0
-79.65, 7.0, 42.0
-91.64, 7.0, 32.0
-104.43, 7.0, 27.0
-117.6, 7.0, 41.0
-131.19, 8.0, 36.0
-145.52, 7.0, 25.0
-160.08, 7.0, 19.0
-174.79, 7.0, 16.0
-188.64, 7.0, -9.0
-202.98, 7.0, -22.0
-216.86, 597.0, -59.0
-229.9, 8.0, 47.0
-238.9, 8.0, 131.0
-248.92, 7.0, -64.0
-260.61, 12.0, -44.0
-270.82, 7.0, 55.0
-279.91, 7.0, -14.0
-289.05, 7.0, -50.0
-296.71, 7.0, -55.0
-302.22, 7.0, -90.0
-306.32, 7.0, -72.0
-308.81, 7.0, -58.0
-310.16, 7.0, -53.0
-310.43, 7.0, -43.0
-309.81, 7.0, -49.0
-308.0, 7.0, -48.0
-305.08, 7.0, -39.0
-301.46, 7.0, -41.0
-296.85, 7.0, -39.0
-291.38, 7.0, -36.0
-284.89, 7.0, -38.0
-278.2, 7.0, -23.0
-270.14, 7.0, -33.0
-261.09, 7.0, -57.0
-250.97, 7.0, -40.0
-239.9, 7.0, -34.0
-228.01, 7.0, -35.0
-215.35, 7.0, -30.0
-201.97, 7.0, -25.0
-188.27, 7.0, -23.0
-174.06, 7.0, -17.0
-159.82, 7.0, -10.0
-145.16, 7.0, -6.0
-130.81, 7.0, -1.0
-116.56, 7.0, 4.0
-102.56, 7.0, 9.0
-88.79, 7.0, 21.0
-75.27, 7.0, 25.0
-62.5, 7.0, 25.0
-49.97, 7.0, 31.0
-38.45, 7.0, 37.0
-28.04, 8.0, 56.0
-19.03, 8.0, 67.0
-11.56, 7.0, 60.0
-5.16, 7.0, 63.0
-0.13, 8.0, 75.0
3.56, 8.0, 69.0
6.24, 7.0, 52.0
7.88, 8.0, 53.0
8.63, 7.0, 55.0
8.66, 8.0, 54.0
7.32, 7.0, 57.0
4.96, 7.0, 50.0
1.76, 7.0, 50.0
-2.35, 7.0, 52.0
-7.34, 7.0, 52.0
-13.45, 7.0, 52.0
-20.36, 7.0, 50.0
-28.18, 7.0, 52.0
-37.04, 8.0, 49.0
-46.52, 8.0, 47.0
-56.87, 7.0, 47.0
-67.99, 7.0, 42.0
-79.98, 7.0, 42.0
-92.22, 7.0, 37.0
-105.0, 7.0, 33.0
-118.56, 7.0, 34.0
-132.17, 7.0, 28.0
-146.36, 7.0, 23.0
-160.85, 7.0, 20.0
-175.49, 7.0, 8.0
-189.69, 7.0, -2.0
-203.9, 7.0, -8.0
-217.88, 7.0, -16.0
-231.39, 7.0, -20.0
-244.09, 7.0, -19.0
-255.94, 7.0, -20.0
-266.92, 7.0, -30.0
-276.93, 7.0, -32.0
-285.65, 7.0, -48.0
-293.07, 7.0, -53.0
-298.89, 308.0, -100.0
-303.06, 8.0, -13.0
-304.5, 7.0, 16.0
-306.39, 7.0, -58.0
-308.07, 8.0, -6.0
-308.41, 7.0, -18.0
-308.4, 7.0, -48.0
-306.94, 7.0, -42.0
-304.47, 7.0, -48.0
-300.97, 7.0, -45.0
-296.55, 7.0, -46.0
-291.08, 7.0, -45.0
-284.74, 7.0, -37.0
-277.19, 7.0, -36.0
-268.86, 7.0, -39.0
-259.48, 7.0, -37.0
-249.45, 7.0, -37.0
-238.66, 7.0, -38.0
-226.88, 7.0, -34.0
-214.26, 7.0, -24.0
-201.31, 7.0, -17.0
-187.41, 7.0, -20.0
-173.58, 7.0, -18.0
-159.17, 7.0, -15.0
-145.03, 7.0, -12.0
-130.6, 7.0, -4.0
-116.49, 7.0, 9.0
-102.55, 7.0, 16.0
-89.05, 7.0, 14.0
-75.58, 7.0, 17.0
-62.92, 7.0, 28.0
-50.23, 7.0, 34.0
-38.61, 7.0, 38.0
-28.06, 7.0, 48.0
-18.75, 7.0, 62.0
-10.85, 8.0, 67.0
-4.53, 8.0, 65.0
0.1, 8.0, 91.0
3.7, 8.0, 70.0
6.2, 7.0, 51.0
7.84, 7.0, 52.0
8.58, 8.0, 50.0
8.61, 7.0, 52.0
7.39, 7.0, 57.0
5.08, 6.0, 52.0
1.88, 7.0, 48.0
-2.28, 7.0, 52.0
-7.27, 7.0, 54.0
-13.18, 8.0, 53.0
-20.2, 7.0, 50.0
-27.99, 7.0, 48.0
-36.84, 7.0, 47.0
-46.45, 7.0, 49.0
-56.81, 7.0, 49.0
-68.0, 614.0, -36.0
-79.4, 8.0, 74.0
-88.98, 8.0, 149.0
-100.98, 7.0, 11.0
-114.2, 50.0, -18.0
-127.81, 8.0, 101.0
-141.38, 8.0, 52.0
-156.02, 7.0, 14.0
-171.36, 7.0, 5.0
-185.86, 7.0, 3.0
-200.78, 7.0, -13.0
-215.47, 7.0, -12.0
-229.52, 7.0, -5.0
-242.74, 7.0, -21.0
-255.05, 7.0, -30.0
-266.52, 7.0, -32.0
-276.98, 7.0, -38.0
-285.82, 6.0, -56.0
-293.41, 7.0, -58.0
-299.02, 7.0, -76.0
-303.67, 7.0, -47.0
-306.67, 7.0, -57.0
-308.79, 7.0, -58.0
-309.95, 7.0, -36.0
-310.17, 7.0, -46.0
-309.67, 7.0, -41.0
-307.74, 7.0, -41.0
-304.95, 7.0, -39.0
-301.31, 7.0, -40.0
-296.72, 7.0, -41.0
-291.27, 7.0, -37.0
-284.88, 7.0, -39.0
-277.49, 7.0, -41.0
-269.02, 7.0, -38.0
-259.98, 7.0, -37.0
-249.86, 7.0, -40.0
-238.61, 7.0, -36.0
-226.86, 7.0, -28.0
-214.13, 7.0, -26.0
-201.78, 7.0, -6.0
-188.84, 7.0, 1.0
-175.28, 7.0, -22.0
-161.2, 7.0, -27.0
-147.34, 7.0, -19.0
-132.86, 7.0, -9.0
-118.54, 7.0, -3.0
-104.1, 7.0, 4.0
-90.17, 7.0, 15.0
-76.36, 7.0, 26.0
-63.31, 7.0, 29.0
-50.39, 7.0, 31.0
-38.69, 7.0, 38.0
-28.13, 7.0, 51.0
-18.76, 7.0, 68.0
-10.92, 7.0, 69.0
-4.51, 7.0, 69.0
0.22, 7.0, 82.0
3.85, 7.0, 68.0
6.42, 7.0, 53.0
8.03, 7.0, 54.0
8.74, 8.0, 52.0
8.74, 7.0, 51.0
7.29, 7.0, 57.0
5.0, 7.0, 49.0
1.65, 7.0, 49.0
-2.42, 7.0, 52.0
-7.45, 7.0, 53.0
-13.38, 7.0, 52.0
-20.42, 7.0, 52.0
-28.21, 7.0, 49.0
-36.92, 7.0, 47.0
-46.65, 7.0, 48.0
-57.08, 7.0, 48.0
-68.04, 7.0, 44.0
-79.97, 7.0, 39.0
-92.21, 7.0, 36.0
-105.01, 7.0, 36.0
-118.44, 7.0, 35.0
-132.22, 7.0, 27.0
-146.47, 7.0, 23.0
-160.73, 7.0, 18.0
-175.55, 7.0, 10.0
-189.84, 7.0, -1.0
-203.73, 7.0, -21.0
-217.38, 7.0, -26.0
-230.23, 7.0, -17.0
-242.69, 7.0, -23.0
-254.26, 7.0, -18.0
-265.21, 7.0, -18.0
-275.26, 7.0, -24.0
-284.44, 7.0, -32.0
-292.13, 7.0, -55.0
-298.28, 7.0, -67.0
-302.94, 7.0, -63.0
-306.32, 7.0, -58.0
-308.5, 7.0, -53.0
-309.67, 7.0, -48.0
-309.9, 7.0, -45.0
-309.3, 7.0, -44.0
-307.38, 7.0, -42.0
-304.52, 7.0, -36.0
-300.83, 7.0, -41.0
-296.19, 7.0, -41.0
-290.73, 7.0, -39.0
-284.36, 7.0, -39.0
-277.0, 7.0, -39.0
-268.61, 7.0, -36.0
-259.45, 7.0, -37.0
-249.48, 100.0, -56.0
-238.07, 7.0, -29.0
-225.58, 7.0, -6.0
-212.73, 7.0, -35.0
-199.49, 7.0, -23.0
-185.91, 7.0, -6.0
-171.94, 7.0, -10.0
-157.64, 7.0, -12.0
-143.8, 7.0, -9.0
-129.65, 7.0, -2.0
-115.92, 7.0, 6.0
-102.19, 7.0, 14.0
-88.8, 7.0, 16.0
-75.46, 7.0, 20.0
-62.38, 7.0, 26.0
-49.99, 7.0, 28.0
-38.55, 7.0, 33.0
-27.97, 7.0, 53.0
-18.73, 121.0, 22.0
-10.97, 8.0, 90.0
-3.89, 62.0, 70.0
0.75, 15.0, 85.0
4.76, 18.0, 81.0
7.29, 8.0, 66.0
8.87, 7.0, 57.0
9.29, 7.0, 52.0
9.15, 8.0, 51.0
7.66, 7.0, 44.0
5.45, 34.0, 24.0
2.39, 9.0, 60.0
-1.33, 19.0, 51.0
-6.38, 8.0, 57.0
-12.15, 8.0, 62.0
-18.99, 7.0, 50.0
-26.79, 7.0, 40.0
-35.45, 7.0, 47.0
-45.0, 13.0, 51.0
-55.5, 8.0, 47.0
-66.59, 7.0, 45.0
-78.6, 13.0, 40.0
-90.68, 7.0, 43.0
