-277.12, 7.0, -12.0
-271.65, 7.0, -20.0
-265.91, 7.0, -10.0
-259.73, 7.0, -8.0
-253.3, 7.0, -9.0
-246.59, 7.0, -6.0
-239.75, 7.0, -4.0
-232.66, 7.0, -4.0
-225.42, 7.0, -5.0
-218.22, 7.0, -2.0
-210.78, 7.0, 0.0
-202.85, 7.0, -10.0
-194.54, 7.0, -22.0
-186.37, 7.0, -18.0
-177.53, 7.0, -12.0
-168.58, 7.0, -7.0
-159.39, 7.0, -3.0
-150.27, 7.0, 2.0
-141.5, 7.0, 7.0
-132.77, 7.0, 14.0
-124.15, 7.0, 12.0
-115.89, 7.0, 10.0
-107.72, 7.0, 12.0
-99.61, 7.0, 13.0
-91.84, 7.0, 13.0
-84.32, 7.0, 14.0
-76.98, 7.0, 14.0
-69.8, 7.0, 16.0
-62.89, 7.0, 16.0
-56.16, 7.0, 15.0
-49.75, 7.0, 13.0
-43.66, 7.0, 16.0
-37.81, 7.0, 17.0
-32.46, 7.0, 21.0
-27.22, 7.0, 14.0
-22.35, 7.0, 14.0
-17.6, 7.0, 17.0
-13.36, 7.0, 25.0
-9.56, 7.0, 24.0
-6.2, 7.0, 23.0
-3.2, 7.0, 19.0
-0.63, 7.0, 23.0
1.63, 7.0, 24.0
3.44, 7.0, 25.0
4.84, 7.0, 21.0
5.93, 7.0, 19.0
6.67, 7.0, 19.0
7.07, 7.0, 19.0
7.21, 7.0, 18.0
7.21, 7.0, 19.0
6.56, 7.0, 31.0
5.38, 7.0, 26.0
3.84, 7.0, 21.0
1.7, 7.0, 26.0
-0.67, 7.0, 24.0
-3.49, 7.0, 23.0
-6.68, 7.0, 23.0
-10.24, 7.0, 22.0
-14.23, 7.0, 22.0
-18.44, 7.0, 23.0
-23.17, 7.0, 22.0
-27.98, 7.0, 20.0
-33.19, 7.0, 21.0
-38.87, 7.0, 21.0
-44.71, 7.0, 19.0
-51.05, 7.0, 19.0
-57.55, 7.0, 20.0
-64.25, 7.0, 17.0
-71.24, 7.0, 16.0
-78.55, 7.0, 14.0
-85.93, 7.0, 14.0
-93.56, 7.0, 14.0
-101.2, 7.0, 14.0
-109.1, 7.0, 11.0
-117.22, 7.0, 9.0
-125.32, 7.0, 10.0
-133.51, 7.0, 9.0
-141.88, 7.0, 8.0
-150.13, 7.0, 5.0
-158.45, 7.0, 3.0
-166.84, 7.0, 1.0
-175.1, 7.0, 1.0
-183.47, 7.0, 1.0
-191.62, 7.0, -5.0
-199.63, 6.0, -6.0
-207.5, 7.0, -6.0
-215.17, 7.0, -6.0
-222.66, 7.0, -4.0
-230.08, 7.0, -4.0
-237.21, 7.0, -6.0
-244.06, 7.0, -8.0
-251.02, 7.0, 0.0
-257.5, 7.0, 4.0
-264.12, 7.0, -5.0
-270.08, 7.0, -7.0
-275.98, 7.0, -7.0
-281.47, 7.0, -11.0
-286.35, 7.0, -14.0
-290.79, 7.0, -21.0
-294.58, 7.0, -19.0
-297.87, 7.0, -19.0
-300.63, 7.0, -19.0
-302.92, 7.0, -16.0
-304.73, 7.0, -14.0
-306.2, 7.0, -12.0
-307.28, 7.0, -11.0
-307.96, 7.0, -10.0
-308.43, 7.0, -10.0
-308.5, 7.0, -11.0
-308.49, 7.0, -10.0
-307.74, 7.0, -17.0
-306.55, 7.0, -12.0
-304.91, 7.0, -11.0
-302.89, 7.0, -16.0
-300.48, 7.0, -13.0
-297.71, 7.0, -12.0
-294.48, 7.0, -13.0
-290.62, 7.0, -23.0
-286.11, 7.0, -25.0
-281.14, 7.0, -17.0
-275.6, 7.0, -18.0
-269.78, 7.0, -14.0
-263.62, 7.0, -11.0
-257.14, 7.0, -8.0
-250.25, 7.0, -8.0
-243.37, 7.0, -5.0
-236.22, 7.0, -5.0
-228.72, 7.0, -5.0
-221.33, 7.0, -4.0
-213.67, 7.0, -2.0
-206.17, 7.0, -2.0
-198.2, 7.0, -5.0
-190.45, 7.0, -4.0
-182.41, 7.0, -5.0
-174.2, 7.0, -5.0
-166.11, 7.0, -4.0
-157.72, 7.0, -4.0
-149.36, 7.0, -4.0
-141.09, 7.0, 0.0
-132.76, 7.0, 2.0
-124.36, 7.0, 4.0
-116.18, 7.0, 5.0
-107.93, 7.0, 6.0
-99.91, 7.0, 6.0
-91.81, 7.0, 7.0
-83.96, 23.0, -13.0
-75.89, 7.0, 28.0
-67.83, 7.0, 8.0
-60.62, 10.0, 10.0
-53.37, 7.0, 34.0
-46.38, 7.0, 24.0
-40.4, 7.0, 19.0
-34.86, 7.0, 26.0
-29.25, 7.0, 20.0
-24.18, 7.0, 13.0
-19.45, 12.0, 12.0
-14.93, 7.0, 27.0
-10.66, 7.0, 22.0
-7.04, 7.0, 28.0
-3.76, 7.0, 25.0
-0.97, 7.0, 25.0
1.2, 7.0, 25.0
3.11, 7.0, 21.0
4.61, 7.0, 14.0
5.78, 7.0, 19.0
6.74, 7.0, 23.0
7.2, 7.0, 20.0
7.38, 7.0, 19.0
7.38, 7.0, 29.0
6.9, 7.0, 31.0
5.62, 7.0, 25.0
3.86, 7.0, 21.0
1.76, 7.0, 24.0
-0.7, 7.0, 21.0
-3.41, 7.0, 23.0
-6.59, 7.0, 25.0
-10.14, 7.0, 23.0
-14.14, 7.0, 23.0
-18.43, 7.0, 24.0
-23.23, 7.0, 23.0
-28.24, 7.0, 22.0
-33.64, 7.0, 22.0
-39.43, 7.0, 20.0
-45.69, 7.0, 25.0
-52.23, 7.0, 25.0
-59.12, 7.0, 21.0
-66.25, 7.0, 20.0
-73.76, 7.0, 18.0
-81.39, 7.0, 17.0
-89.45, 7.0, 14.0
-97.64, 7.0, 16.0
-106.04, 7.0, 15.0
-114.61, 7.0, 12.0
-123.17, 7.0, 13.0
-131.88, 7.0, 13.0
-140.81, 7.0, 8.0
-149.7, 7.0, 4.0
-158.53, 7.0, 3.0
-167.15, 7.0, 0.0
-176.08, 7.0, -3.0
-184.51, 7.0, -3.0
-193.13, 7.0, -5.0
-201.52, 7.0, -6.0
-209.66, 7.0, -6.0
-217.8, 7.0, -6.0
-225.52, 7.0, -3.0
-233.1, 7.0, -7.0
-240.36, 7.0, -7.0
-247.25, 7.0, -5.0
-253.96, 7.0, -7.0
-260.24, 7.0, -8.0
-266.11, 7.0, -8.0
-271.74, 7.0, -7.0
-277.0, 7.0, -9.0
-281.95, 7.0, -9.0
-286.55, 7.0, -10.0
-290.69, 7.0, -12.0
-294.45, 7.0, -11.0
-297.76, 7.0, -12.0
-300.62, 7.0, -16.0
-302.96, 7.0, -18.0
-304.88, 7.0, -15.0
-306.29, 7.0, -15.0
-307.4, 7.0, -12.0
-308.06, 7.0, -12.0
-308.41, 7.0, -10.0
-308.5, 7.0, -10.0
-308.36, 7.0, -13.0
-307.42, 7.0, -19.0
-306.03, 7.0, -13.0
-304.27, 7.0, -15.0
-302.09, 7.0, -14.0
-299.38, 7.0, -15.0
-296.35, 7.0, -14.0
-292.85, 7.0, -14.0
-288.98, 7.0, -12.0
-284.7, 7.0, -13.0
-280.06, 7.0, -13.0
-275.28, 7.0, -11.0
-269.79, 7.0, -11.0
-264.12, 7.0, -10.0
-258.08, 7.0, -9.0
-251.67, 7.0, -10.0
-244.96, 7.0, -7.0
-237.95, 7.0, -6.0
-230.54, 7.0, -6.0
-223.11, 7.0, -6.0
-215.52, 7.0, -4.0
-207.69, 7.0, -5.0
-199.59, 7.0, -6.0
-191.51, 7.0, -6.0
-183.3, 7.0, -6.0
-175.09, 7.0, -5.0
-166.62, 7.0, -4.0
-158.19, 7.0, -9.0
-149.65, 8.0, -6.0
-141.06, 7.0, 8.0
-132.26, 7.0, 4.0
-123.53, 7.0, 0.0
-115.26, 7.0, 9.0
-106.85, 7.0, 12.0
-98.37, 7.0, 8.0
-90.36, 7.0, 9.0
-82.41, 6.0, 7.0
-74.68, 7.0, 10.0
-67.16, 7.0, 14.0
-59.9, 7.0, 13.0
-52.94, 7.0, 13.0
-46.03, 7.0, 23.0
-39.69, 7.0, 22.0
-33.78, 7.0, 28.0
-28.32, 7.0, 23.0
-23.25, 7.0, 21.0
-18.57, 7.0, 22.0
-14.17, 7.0, 19.0
-10.19, 7.0, 25.0
-6.6, 7.0, 22.0
-3.39, 7.0, 24.0
-0.61, 7.0, 24.0
1.63, 7.0, 22.0
3.52, 7.0, 20.0
5.08, 7.0, 21.0
6.26, 7.0, 22.0
7.05, 7.0, 22.0
7.53, 7.0, 22.0
7.65, 7.0, 24.0
7.52, 7.0, 25.0
6.53, 7.0, 29.0
5.21, 7.0, 22.0
3.39, 7.0, 23.0
1.25, 7.0, 23.0
-1.28, 7.0, 23.0
-4.26, 7.0, 25.0
-7.62, 7.0, 23.0
-11.42, 7.0, 25.0
-15.52, 7.0, 24.0
-19.89, 7.0, 22.0
-24.82, 7.0, 22.0
-29.86, 7.0, 20.0
-35.34, 7.0, 21.0
